     8723	2023-05-09 09:58:21	98	0	1	0
    10119	2023-05-09 12:00:53	98	1	1	0
    10119	2023-05-09 12:00:56	98	1	1	0
    10119	2023-05-09 12:00:58	98	1	1	0
    10458	2023-05-09 12:01:08	98	1	1	0
    10458	2023-05-09 12:01:11	98	1	1	0
    10458	2023-05-09 12:01:14	98	1	1	0
     8497	2023-05-09 12:01:19	98	1	1	0
     8497	2023-05-09 12:01:20	98	1	1	0
    10118	2023-05-09 12:01:27	98	1	1	0
    10118	2023-05-09 12:01:33	98	1	1	0
     1191	2023-05-09 12:01:36	98	1	1	0
     1191	2023-05-09 12:01:38	98	1	1	0
     2460	2023-05-09 12:01:48	98	1	15	0
     2460	2023-05-09 12:01:50	98	1	1	0
     2460	2023-05-09 12:01:52	98	1	15	0
     2460	2023-05-09 12:01:54	98	1	15	0
     2467	2023-05-09 12:02:01	98	1	15	0
      359	2023-05-09 12:02:09	98	1	15	0
      359	2023-05-09 12:02:11	98	1	15	0
     3964	2023-05-09 12:02:22	98	1	1	0
     3964	2023-05-09 12:02:25	98	1	1	0
     3964	2023-05-09 12:02:27	98	1	1	0
     8620	2023-05-09 12:04:05	98	1	1	0
     8620	2023-05-09 12:04:07	98	1	1	0
      348	2023-05-09 12:04:26	98	1	15	0
      348	2023-05-09 12:04:29	98	1	15	0
     8624	2023-05-09 12:04:51	98	1	15	0
     8624	2023-05-09 12:04:54	98	1	15	0
     6912	2023-05-09 12:05:04	98	1	15	0
     6912	2023-05-09 12:05:07	98	1	15	0
     6912	2023-05-09 12:05:08	98	1	1	0
     1309	2023-05-09 12:05:55	98	1	15	0
     1309	2023-05-09 12:06:00	98	1	15	0
     1309	2023-05-09 12:06:02	98	1	15	0
      561	2023-05-09 12:06:19	98	1	15	0
     9193	2023-05-09 12:08:56	98	1	15	0
     9193	2023-05-09 12:08:58	98	1	15	0
     5886	2023-05-09 12:09:02	98	1	1	0
     5886	2023-05-09 12:09:04	98	1	1	0
     5886	2023-05-09 12:09:06	98	1	1	0
     5769	2023-05-09 12:09:48	98	1	1	0
     5769	2023-05-09 12:09:50	98	1	1	0
      352	2023-05-09 12:11:08	98	1	15	0
      352	2023-05-09 12:11:10	98	1	15	0
      352	2023-05-09 12:11:12	98	1	15	0
     2991	2023-05-09 12:12:15	98	1	1	0
     2991	2023-05-09 12:12:17	98	1	1	0
     8156	2023-05-09 12:12:20	98	1	1	0
     8156	2023-05-09 12:12:21	98	1	1	0
     8156	2023-05-09 12:12:23	98	1	1	0
     8156	2023-05-09 12:12:25	98	1	1	0
    10254	2023-05-09 12:13:01	98	1	1	0
    10254	2023-05-09 12:13:04	98	1	1	0
    10254	2023-05-09 12:13:05	98	1	1	0
     2582	2023-05-09 12:13:22	98	1	15	0
     2582	2023-05-09 12:13:24	98	1	15	0
    10185	2023-05-09 12:22:54	98	1	1	0
    10185	2023-05-09 12:22:56	98	1	1	0
    10185	2023-05-09 12:22:57	98	1	1	0
     4516	2023-05-09 12:23:57	98	1	1	0
     4516	2023-05-09 12:23:59	98	1	1	0
    10149	2023-05-09 12:24:02	98	1	1	0
    10149	2023-05-09 12:24:08	98	1	1	0
    10149	2023-05-09 12:24:11	98	1	1	0
    10149	2023-05-09 12:24:13	98	1	1	0
    10149	2023-05-09 12:24:15	98	1	1	0
      576	2023-05-09 12:24:38	98	1	1	0
      576	2023-05-09 12:24:39	98	1	1	0
     8389	2023-05-09 12:24:43	98	1	15	0
     8389	2023-05-09 12:24:45	98	1	15	0
     8630	2023-05-09 12:24:49	98	1	1	0
     8630	2023-05-09 12:24:51	98	1	1	0
     4581	2023-05-09 12:24:56	98	1	15	0
     4581	2023-05-09 12:24:58	98	1	15	0
     8665	2023-05-09 12:25:01	98	1	15	0
     2380	2023-05-09 12:25:06	98	1	15	0
     4080	2023-05-09 12:25:10	98	1	1	0
     4080	2023-05-09 12:25:11	98	1	1	0
     5350	2023-05-09 12:25:15	98	1	15	0
     6253	2023-05-09 12:25:20	98	1	1	0
     6253	2023-05-09 12:25:22	98	1	1	0
      581	2023-05-09 12:25:30	98	1	1	0
      581	2023-05-09 12:25:32	98	1	1	0
      581	2023-05-09 12:25:34	98	1	1	0
      581	2023-05-09 12:25:36	98	1	1	0
      581	2023-05-09 12:25:37	98	1	1	0
      581	2023-05-09 12:25:40	98	1	1	0
      581	2023-05-09 12:25:42	98	1	1	0
      581	2023-05-09 12:25:44	98	1	1	0
     8704	2023-05-09 12:25:47	98	1	1	0
     8704	2023-05-09 12:25:49	98	1	1	0
     5409	2023-05-09 12:25:50	98	1	1	0
     5409	2023-05-09 12:25:52	98	1	1	0
     8122	2023-05-09 12:25:57	98	1	1	0
     8122	2023-05-09 12:25:59	98	1	1	0
     6526	2023-05-09 12:26:18	98	1	15	0
     1479	2023-05-09 12:28:03	98	1	15	0
     9359	2023-05-09 12:28:26	98	1	15	0
     9359	2023-05-09 12:28:27	98	1	15	0
    10185	2023-05-09 12:31:38	98	3	1	0
    10185	2023-05-09 12:31:40	98	3	1	0
     2467	2023-05-09 12:32:41	98	3	15	0
     2467	2023-05-09 12:32:43	98	3	15	0
      352	2023-05-09 12:34:06	98	3	15	0
      352	2023-05-09 12:34:08	98	3	15	0
     8122	2023-05-09 12:34:27	98	3	1	0
     8122	2023-05-09 12:34:29	98	3	1	0
     8122	2023-05-09 12:34:31	98	3	1	0
     6253	2023-05-09 12:34:35	98	3	1	0
     6253	2023-05-09 12:34:37	98	3	1	0
     5350	2023-05-09 12:34:41	98	3	15	0
     4080	2023-05-09 12:35:09	98	0	1	0
     4080	2023-05-09 12:35:10	98	0	1	0
     6253	2023-05-09 12:35:14	98	0	1	0
     6253	2023-05-09 12:35:16	98	0	1	0
      576	2023-05-09 12:35:17	98	0	1	0
      576	2023-05-09 12:35:19	98	0	1	0
     8497	2023-05-09 12:35:21	98	0	1	0
     8497	2023-05-09 12:35:22	98	0	1	0
     4581	2023-05-09 12:35:26	98	0	15	0
     8665	2023-05-09 12:35:31	98	0	15	0
     8630	2023-05-09 12:35:36	98	0	1	0
     8630	2023-05-09 12:35:38	98	0	1	0
     2380	2023-05-09 12:35:40	98	0	15	0
     8122	2023-05-09 12:35:45	98	0	1	0
     8122	2023-05-09 12:35:47	98	0	1	0
     5350	2023-05-09 12:35:52	98	0	15	0
     6253	2023-05-09 12:35:57	98	0	1	0
     9193	2023-05-09 12:36:01	98	0	15	0
     9193	2023-05-09 12:36:03	98	0	15	0
     2991	2023-05-09 12:36:07	98	0	1	0
     2991	2023-05-09 12:36:09	98	0	1	0
      581	2023-05-09 12:36:12	98	0	1	0
      581	2023-05-09 12:36:14	98	0	1	0
      581	2023-05-09 12:36:15	98	0	1	0
     6912	2023-05-09 12:36:18	98	0	15	0
     6912	2023-05-09 12:36:20	98	0	15	0
     6912	2023-05-09 12:36:22	98	0	1	0
     6912	2023-05-09 12:36:24	98	0	1	0
     1479	2023-05-09 12:36:29	98	0	15	0
     1479	2023-05-09 12:36:31	98	0	15	0
     2991	2023-05-09 12:36:46	98	0	1	0
     8389	2023-05-09 12:36:50	98	0	15	0
     8389	2023-05-09 12:36:52	98	0	15	0
     2460	2023-05-09 12:36:57	98	0	15	0
     2460	2023-05-09 12:36:59	98	0	15	0
     2460	2023-05-09 12:37:01	98	0	15	0
    10118	2023-05-09 12:37:38	98	0	1	0
    10118	2023-05-09 12:37:44	98	0	15	0
    10458	2023-05-09 12:37:48	98	0	1	0
    10458	2023-05-09 12:37:51	98	0	1	0
    10458	2023-05-09 12:37:53	98	0	1	0
     3964	2023-05-09 12:37:56	98	0	1	0
     3964	2023-05-09 12:37:58	98	0	15	0
    10119	2023-05-09 12:38:01	98	0	1	0
    10119	2023-05-09 12:38:03	98	0	1	0
    10119	2023-05-09 12:38:04	98	0	1	0
     2582	2023-05-09 12:38:08	98	0	15	0
     2582	2023-05-09 12:38:10	98	0	15	0
      352	2023-05-09 12:38:14	98	0	15	0
     9359	2023-05-09 12:38:32	98	0	15	0
     9359	2023-05-09 12:38:34	98	0	15	0
     8156	2023-05-09 12:38:39	98	0	1	0
     8704	2023-05-09 12:39:48	98	0	1	0
     8704	2023-05-09 12:39:49	98	0	1	0
     8704	2023-05-09 12:39:51	98	0	1	0
     5409	2023-05-09 12:40:03	98	0	1	0
     5409	2023-05-09 12:40:05	98	0	1	0
     5409	2023-05-09 12:40:06	98	0	1	0
     5409	2023-05-09 12:40:08	98	0	1	0
     5886	2023-05-09 12:41:04	98	0	1	0
     5886	2023-05-09 12:41:05	98	0	1	0
     5886	2023-05-09 12:41:07	98	0	1	0
     8620	2023-05-09 12:45:07	98	0	1	0
     8620	2023-05-09 12:45:09	98	0	1	0
     8620	2023-05-09 12:45:10	98	0	1	0
     8620	2023-05-09 12:45:12	98	0	1	0
      561	2023-05-09 12:50:31	98	0	15	0
     1309	2023-05-09 12:50:36	98	0	15	0
     1309	2023-05-09 12:50:41	98	0	15	0
     1309	2023-05-09 12:50:43	98	0	15	0
      691	2023-05-09 12:50:48	98	0	15	0
      691	2023-05-09 12:50:50	98	0	15	0
     1191	2023-05-09 12:51:41	98	0	1	0
     1191	2023-05-09 12:51:42	98	0	1	0
      359	2023-05-09 12:54:41	98	0	15	0
      359	2023-05-09 12:54:43	98	0	15	0
      348	2023-05-09 12:57:13	98	0	15	0
      348	2023-05-09 12:57:15	98	0	15	0
     4202	2023-05-09 15:59:24	98	1	1	0
     4202	2023-05-09 15:59:26	98	1	1	0
     8665	2023-05-09 16:31:37	98	1	15	0
     9372	2023-05-09 17:00:03	98	1	1	0
     9372	2023-05-09 17:00:05	98	1	1	0
      715	2023-05-09 17:00:09	98	1	1	0
      715	2023-05-09 17:00:12	98	1	1	0
     4516	2023-05-09 17:00:13	98	1	1	0
     4516	2023-05-09 17:00:15	98	1	1	0
    10185	2023-05-09 17:00:17	98	1	1	0
    10185	2023-05-09 17:00:18	98	1	1	0
    10149	2023-05-09 17:00:26	98	1	15	0
    10149	2023-05-09 17:00:28	98	1	15	0
     8322	2023-05-09 17:00:32	98	1	1	0
     8322	2023-05-09 17:00:34	98	1	1	0
     8229	2023-05-09 17:00:36	98	1	1	0
     8229	2023-05-09 17:00:38	98	1	1	0
     9193	2023-05-09 17:00:44	98	1	15	0
     9193	2023-05-09 17:00:46	98	1	15	0
     9193	2023-05-09 17:00:48	98	1	15	0
     6253	2023-05-09 17:00:51	98	1	1	0
     6253	2023-05-09 17:00:55	98	1	1	0
     6253	2023-05-09 17:00:57	98	1	1	0
     2467	2023-05-09 17:01:04	98	1	15	0
     1479	2023-05-09 17:01:08	98	1	15	0
     2582	2023-05-09 17:01:47	98	1	15	0
     2582	2023-05-09 17:01:49	98	1	15	0
     2380	2023-05-09 17:02:24	98	1	15	0
     8156	2023-05-09 17:02:28	98	1	1	0
     8156	2023-05-09 17:02:30	98	1	1	0
      691	2023-05-09 17:02:33	98	1	15	0
      691	2023-05-09 17:02:35	98	1	15	0
     4581	2023-05-09 17:02:40	98	1	15	0
     6253	2023-05-09 17:02:43	98	1	1	0
     4080	2023-05-09 17:03:35	98	1	1	0
     4080	2023-05-09 17:03:37	98	1	1	0
      359	2023-05-09 17:03:45	98	1	15	0
      359	2023-05-09 17:03:47	98	1	15	0
      348	2023-05-09 17:03:53	98	1	15	0
      348	2023-05-09 17:03:55	98	1	15	0
     8630	2023-05-09 17:04:07	98	1	1	0
     8630	2023-05-09 17:04:09	98	1	1	0
      790	2023-05-09 17:04:15	98	1	15	0
      790	2023-05-09 17:04:17	98	1	15	0
     8497	2023-05-09 17:04:23	98	1	1	0
     8497	2023-05-09 17:04:25	98	1	1	0
     8723	2023-05-09 17:04:29	98	1	1	0
     8723	2023-05-09 17:04:31	98	1	1	0
     1309	2023-05-09 17:04:36	98	1	15	0
     1309	2023-05-09 17:04:40	98	1	15	0
     1309	2023-05-09 17:04:42	98	1	15	0
      585	2023-05-09 17:05:07	98	1	1	0
      585	2023-05-09 17:05:11	98	1	1	0
     8704	2023-05-09 17:05:25	98	1	1	0
     8704	2023-05-09 17:05:27	98	1	1	0
     8704	2023-05-09 17:05:28	98	1	1	0
     8389	2023-05-09 17:05:36	98	1	15	0
     8389	2023-05-09 17:05:39	98	1	15	0
      581	2023-05-09 17:05:40	98	1	1	0
      581	2023-05-09 17:05:42	98	1	1	0
     8156	2023-05-09 17:06:01	98	1	1	0
     8156	2023-05-09 17:06:03	98	1	1	0
     8704	2023-05-09 17:06:10	98	1	1	0
     8122	2023-05-09 17:07:35	98	1	1	0
     8122	2023-05-09 17:07:37	98	1	1	0
     9857	2023-05-09 17:08:03	98	1	1	0
     9857	2023-05-09 17:08:05	98	1	1	0
     1502	2023-05-09 17:08:34	98	1	15	0
     1502	2023-05-09 17:08:36	98	1	15	0
     6912	2023-05-09 17:09:07	98	1	15	0
     6912	2023-05-09 17:09:08	98	1	15	0
     6912	2023-05-09 17:09:10	98	1	1	0
     5409	2023-05-09 17:09:19	98	1	1	0
     5409	2023-05-09 17:09:21	98	1	1	0
    10119	2023-05-09 17:09:46	98	1	1	0
    10119	2023-05-09 17:09:48	98	1	1	0
    10119	2023-05-09 17:09:50	98	1	1	0
    10119	2023-05-09 17:09:52	98	1	1	0
     2991	2023-05-09 17:10:07	98	1	1	0
     2991	2023-05-09 17:10:09	98	1	1	0
     2991	2023-05-09 17:10:11	98	1	1	0
     2991	2023-05-09 17:10:13	98	1	1	0
    10118	2023-05-09 17:10:55	98	1	1	0
    10118	2023-05-09 17:11:04	98	1	1	0
     9359	2023-05-09 17:11:21	98	1	15	0
      356	2023-05-09 17:11:28	98	1	15	0
      356	2023-05-09 17:11:30	98	1	15	0
    10458	2023-05-09 17:11:35	98	1	1	0
    10458	2023-05-09 17:11:36	98	1	1	0
    10458	2023-05-09 17:11:38	98	1	1	0
     5350	2023-05-09 17:12:50	98	1	15	0
     8620	2023-05-09 17:13:07	98	1	1	0
     8620	2023-05-09 17:13:08	98	1	1	0
     5886	2023-05-09 17:15:17	98	1	1	0
     5886	2023-05-09 17:15:18	98	1	1	0
      576	2023-05-09 17:17:46	98	1	1	0
      576	2023-05-09 17:17:48	98	1	1	0
     6912	2023-05-09 17:19:03	98	1	15	0
     6912	2023-05-09 17:19:06	98	1	1	0
      352	2023-05-09 17:20:06	98	1	15	0
      352	2023-05-09 17:20:08	98	1	15	0
     8624	2023-05-09 17:37:21	98	1	15	0
     8624	2023-05-09 17:37:24	98	1	15	0
     2582	2023-05-10 05:13:20	98	0	15	0
     2582	2023-05-10 05:13:22	98	0	15	0
     2582	2023-05-10 05:13:24	98	0	15	0
     6912	2023-05-10 05:33:20	98	0	15	0
     6912	2023-05-10 05:33:22	98	0	15	0
     6912	2023-05-10 05:33:24	98	0	1	0
     6912	2023-05-10 05:33:26	98	0	1	0
      505	2023-05-10 06:20:19	98	0	1	0
     1181	2023-05-10 06:43:52	98	0	15	0
     1181	2023-05-10 06:43:55	98	0	15	0
     5247	2023-05-10 06:49:25	98	0	15	0
     5247	2023-05-10 06:49:27	98	0	15	0
     5247	2023-05-10 06:49:29	98	0	15	0
     1600	2023-05-10 06:53:22	98	0	1	0
     8156	2023-05-10 06:57:01	98	0	1	0
     8156	2023-05-10 06:57:03	98	0	1	0
     2991	2023-05-10 07:06:02	98	0	1	0
     9548	2023-05-10 07:23:33	98	0	1	0
     4080	2023-05-10 07:23:59	98	0	1	0
     4080	2023-05-10 07:24:00	98	0	1	0
     2467	2023-05-10 07:24:57	98	0	15	0
     2467	2023-05-10 07:24:59	98	0	15	0
    10125	2023-05-10 07:25:51	98	0	1	0
    10125	2023-05-10 07:25:53	98	0	1	0
    10123	2023-05-10 07:29:57	98	0	1	0
    10123	2023-05-10 07:29:59	98	0	1	0
    10123	2023-05-10 07:30:01	98	0	1	0
     3964	2023-05-10 07:30:19	98	0	15	0
     3964	2023-05-10 07:30:25	98	0	15	0
     3964	2023-05-10 07:30:27	98	0	15	0
     3964	2023-05-10 07:30:29	98	0	15	0
     5350	2023-05-10 07:31:28	98	0	15	0
     5350	2023-05-10 07:31:29	98	0	15	0
     1191	2023-05-10 07:31:45	98	0	1	0
     1191	2023-05-10 07:31:47	98	0	1	0
     8788	2023-05-10 07:35:44	98	0	1	0
     8788	2023-05-10 07:35:46	98	0	1	0
     8788	2023-05-10 07:35:47	98	0	1	0
     8620	2023-05-10 07:35:51	98	0	1	0
     8620	2023-05-10 07:35:53	98	0	1	0
     8620	2023-05-10 07:35:55	98	0	1	0
     8675	2023-05-10 07:38:04	98	0	15	0
     8675	2023-05-10 07:38:06	98	0	15	0
      360	2023-05-10 07:38:14	98	0	15	0
      360	2023-05-10 07:38:17	98	0	15	0
     2460	2023-05-10 07:38:25	98	0	15	0
     2460	2023-05-10 07:38:27	98	0	15	0
     2460	2023-05-10 07:38:30	98	0	15	0
     5886	2023-05-10 07:38:41	98	0	1	0
     5886	2023-05-10 07:38:43	98	0	1	0
     5886	2023-05-10 07:38:45	98	0	1	0
     1035	2023-05-10 07:39:01	98	0	15	0
     1035	2023-05-10 07:39:08	98	0	15	0
     9193	2023-05-10 07:39:23	98	0	15	0
     9193	2023-05-10 07:39:24	98	0	15	0
     4581	2023-05-10 07:40:56	98	0	15	0
     4581	2023-05-10 07:40:58	98	0	15	0
      691	2023-05-10 07:42:18	98	0	15	0
      691	2023-05-10 07:42:26	98	0	15	0
      356	2023-05-10 07:42:39	98	0	15	0
      356	2023-05-10 07:42:41	98	0	15	0
     9359	2023-05-10 07:42:50	98	0	15	0
     8229	2023-05-10 07:42:56	98	0	1	0
     8229	2023-05-10 07:42:58	98	0	1	0
     6253	2023-05-10 07:43:02	98	0	1	0
     6253	2023-05-10 07:43:04	98	0	1	0
     6253	2023-05-10 07:43:06	98	0	1	0
     3758	2023-05-10 07:43:18	98	0	15	0
     3758	2023-05-10 07:43:20	98	0	15	0
     2044	2023-05-10 07:43:52	98	0	15	0
     2044	2023-05-10 07:43:55	98	0	15	0
     2044	2023-05-10 07:43:57	98	0	15	0
    10119	2023-05-10 07:44:48	98	0	1	0
    10119	2023-05-10 07:44:50	98	0	1	0
    10119	2023-05-10 07:44:52	98	0	1	0
    10119	2023-05-10 07:44:54	98	0	1	0
    10119	2023-05-10 07:44:55	98	0	1	0
    10458	2023-05-10 07:44:57	98	0	1	0
    10458	2023-05-10 07:44:59	98	0	1	0
    10458	2023-05-10 07:45:01	98	0	1	0
     6526	2023-05-10 07:45:10	98	0	15	0
     5769	2023-05-10 07:45:24	98	0	1	0
     8322	2023-05-10 07:45:28	98	0	1	0
     8322	2023-05-10 07:45:30	98	0	1	0
      576	2023-05-10 07:45:34	98	0	1	0
      576	2023-05-10 07:45:37	98	0	1	0
     1479	2023-05-10 07:45:47	98	0	15	0
     1479	2023-05-10 07:45:49	98	0	15	0
     2007	2023-05-10 07:48:05	98	0	1	0
      585	2023-05-10 07:48:44	98	0	1	0
      585	2023-05-10 07:48:46	98	0	1	0
      536	2023-05-10 07:49:04	98	0	1	0
      536	2023-05-10 07:49:06	98	0	1	0
     1502	2023-05-10 07:49:52	98	0	15	0
     1502	2023-05-10 07:49:54	98	0	15	0
     1502	2023-05-10 07:49:56	98	0	15	0
     8723	2023-05-10 07:51:27	98	0	1	0
     8723	2023-05-10 07:51:29	98	0	1	0
     8723	2023-05-10 07:51:30	98	0	1	0
     8630	2023-05-10 07:51:43	98	0	1	0
     8630	2023-05-10 07:51:45	98	0	1	0
     1309	2023-05-10 07:51:57	98	0	15	0
     1309	2023-05-10 07:51:59	98	0	15	0
     5409	2023-05-10 07:53:39	98	0	1	0
     5409	2023-05-10 07:53:41	98	0	1	0
     5409	2023-05-10 07:53:43	98	0	1	0
    10414	2023-05-10 07:54:29	98	0	1	0
    10414	2023-05-10 07:54:34	98	0	1	0
     2380	2023-05-10 07:55:04	98	0	15	0
     1620	2023-05-10 07:55:20	98	0	15	0
     1620	2023-05-10 07:55:22	98	0	15	0
     6835	2023-05-10 07:56:27	98	0	15	0
     6835	2023-05-10 07:56:29	98	0	15	0
     2359	2023-05-10 07:56:42	98	0	15	0
     8497	2023-05-10 07:56:48	98	0	1	0
     8497	2023-05-10 07:56:50	98	0	1	0
     6110	2023-05-10 07:57:09	98	0	15	0
     6110	2023-05-10 07:57:11	98	0	1	0
      359	2023-05-10 07:57:19	98	0	15	0
      359	2023-05-10 07:57:21	98	0	15	0
     8389	2023-05-10 07:57:47	98	0	15	0
     8389	2023-05-10 07:57:49	98	0	15	0
     8122	2023-05-10 07:57:53	98	0	1	0
     8122	2023-05-10 07:57:57	98	0	1	0
     8704	2023-05-10 07:58:06	98	0	1	0
     8704	2023-05-10 07:58:08	98	0	1	0
     2144	2023-05-10 07:58:12	98	0	15	0
     2144	2023-05-10 07:58:14	98	0	15	0
     8314	2023-05-10 07:59:17	98	0	1	0
     9627	2023-05-10 08:00:19	98	1	1	0
     9627	2023-05-10 08:00:22	98	1	1	0
     4174	2023-05-10 08:00:58	98	0	1	0
     2092	2023-05-10 08:26:30	98	0	15	0
      348	2023-05-10 12:00:17	98	1	15	0
      348	2023-05-10 12:00:19	98	1	15	0
      585	2023-05-10 12:00:27	98	1	1	0
      585	2023-05-10 12:00:30	98	1	1	0
    10119	2023-05-10 12:00:33	98	1	1	0
    10119	2023-05-10 12:00:34	98	1	1	0
    10119	2023-05-10 12:00:36	98	1	1	0
    10458	2023-05-10 12:00:38	98	1	1	0
    10458	2023-05-10 12:00:40	98	1	1	0
    10458	2023-05-10 12:00:42	98	1	1	0
     2467	2023-05-10 12:00:46	98	1	15	0
     2467	2023-05-10 12:00:48	98	1	15	0
     5247	2023-05-10 12:00:54	98	1	15	0
     5247	2023-05-10 12:00:56	98	1	15	0
     2582	2023-05-10 12:01:07	98	1	15	0
     2582	2023-05-10 12:01:09	98	1	15	0
     3964	2023-05-10 12:01:14	98	1	15	0
     3964	2023-05-10 12:01:16	98	1	15	0
     3964	2023-05-10 12:01:18	98	1	15	0
     3964	2023-05-10 12:01:20	98	1	1	0
     1502	2023-05-10 12:01:21	98	1	15	0
     1502	2023-05-10 12:01:24	98	1	15	0
     1502	2023-05-10 12:01:27	98	1	15	0
    10123	2023-05-10 12:01:32	98	1	1	0
    10123	2023-05-10 12:01:34	98	1	1	0
     8122	2023-05-10 12:01:39	98	1	1	0
     8122	2023-05-10 12:01:41	98	1	1	0
     1191	2023-05-10 12:01:45	98	1	1	0
     1191	2023-05-10 12:01:46	98	1	1	0
      361	2023-05-10 12:02:06	98	1	15	0
     6912	2023-05-10 12:02:19	98	1	1	0
     6912	2023-05-10 12:02:21	98	1	15	0
     6912	2023-05-10 12:02:23	98	1	15	0
    10125	2023-05-10 12:02:28	98	1	1	0
    10125	2023-05-10 12:02:30	98	1	1	0
    10125	2023-05-10 12:02:33	98	1	1	0
     8723	2023-05-10 12:02:37	98	1	1	0
     8723	2023-05-10 12:02:38	98	1	1	0
     8497	2023-05-10 12:02:56	98	1	1	0
     8497	2023-05-10 12:02:58	98	1	1	0
     6110	2023-05-10 12:03:40	98	1	1	0
     6110	2023-05-10 12:03:41	98	1	1	0
     6253	2023-05-10 12:03:55	98	1	1	0
     6253	2023-05-10 12:03:57	98	1	1	0
     6253	2023-05-10 12:03:59	98	1	1	0
      359	2023-05-10 12:04:06	98	1	15	0
      359	2023-05-10 12:04:08	98	1	15	0
      505	2023-05-10 12:04:16	98	1	1	0
      505	2023-05-10 12:04:20	98	1	1	0
     1479	2023-05-10 12:04:24	98	1	15	0
     1479	2023-05-10 12:04:26	98	1	15	0
     2460	2023-05-10 12:04:28	98	1	15	0
     2460	2023-05-10 12:04:30	98	1	15	0
     2460	2023-05-10 12:04:32	98	1	15	0
     2209	2023-05-10 12:04:36	98	1	15	0
     2209	2023-05-10 12:04:38	98	1	15	0
     2220	2023-05-10 12:04:42	98	1	1	0
      605	2023-05-10 12:04:47	98	1	1	0
     3754	2023-05-10 12:04:54	98	1	15	0
     8028	2023-05-10 12:05:00	98	1	15	0
     9885	2023-05-10 12:05:08	98	1	15	0
     9885	2023-05-10 12:05:11	98	1	15	0
     2531	2023-05-10 12:05:20	98	1	15	0
     2531	2023-05-10 12:05:23	98	1	15	0
     8482	2023-05-10 12:05:28	98	1	15	0
      329	2023-05-10 12:05:54	98	1	1	0
      329	2023-05-10 12:05:59	98	1	1	0
     2580	2023-05-10 12:06:09	98	1	15	0
      691	2023-05-10 12:06:14	98	1	15	0
      691	2023-05-10 12:06:16	98	1	15	0
      561	2023-05-10 12:06:22	98	1	15	0
      561	2023-05-10 12:06:23	98	1	15	0
     1502	2023-05-10 12:06:26	98	1	15	0
     8630	2023-05-10 12:06:33	98	1	1	0
     8630	2023-05-10 12:06:35	98	1	1	0
     4080	2023-05-10 12:06:46	98	1	15	0
     4080	2023-05-10 12:06:48	98	1	15	0
     1309	2023-05-10 12:06:54	98	1	15	0
     1309	2023-05-10 12:07:00	98	1	15	0
     2991	2023-05-10 12:07:04	98	1	1	0
     2991	2023-05-10 12:07:06	98	1	1	0
     2991	2023-05-10 12:07:07	98	1	1	0
     8156	2023-05-10 12:07:10	98	1	1	0
     8156	2023-05-10 12:07:12	98	1	1	0
     1181	2023-05-10 12:07:19	98	1	1	0
     1181	2023-05-10 12:07:21	98	1	15	0
     1181	2023-05-10 12:07:23	98	1	1	0
     9193	2023-05-10 12:07:29	98	1	15	0
     9193	2023-05-10 12:07:31	98	1	15	0
      360	2023-05-10 12:07:37	98	1	15	0
      360	2023-05-10 12:07:39	98	1	15	0
     5350	2023-05-10 12:07:45	98	1	15	0
     5886	2023-05-10 12:07:52	98	1	1	0
     5886	2023-05-10 12:07:54	98	1	1	0
     1035	2023-05-10 12:08:00	98	1	15	0
      581	2023-05-10 12:16:23	98	2	1	0
      581	2023-05-10 12:16:25	98	2	1	0
      581	2023-05-10 12:17:56	98	2	1	0
      581	2023-05-10 12:17:57	98	2	1	0
     6526	2023-05-10 12:21:48	98	2	15	0
    10414	2023-05-10 12:24:27	98	2	15	0
    10414	2023-05-10 12:24:31	98	2	1	0
    10414	2023-05-10 12:24:33	98	2	1	0
    10185	2023-05-10 12:24:36	98	2	1	0
    10185	2023-05-10 12:24:37	98	2	1	0
    10149	2023-05-10 12:24:41	98	2	1	0
    10149	2023-05-10 12:24:50	98	2	1	0
    10149	2023-05-10 12:24:59	98	2	1	0
     4581	2023-05-10 12:25:33	98	2	15	0
     4581	2023-05-10 12:25:35	98	2	15	0
     2380	2023-05-10 12:25:52	98	1	15	0
     8665	2023-05-10 12:25:58	98	1	15	0
      576	2023-05-10 12:26:02	98	1	1	0
      576	2023-05-10 12:26:04	98	1	1	0
      536	2023-05-10 12:26:09	98	1	1	0
      536	2023-05-10 12:26:10	98	1	1	0
     5409	2023-05-10 12:26:21	98	1	1	0
     5409	2023-05-10 12:26:23	98	1	1	0
     5409	2023-05-10 12:26:24	98	1	1	0
     8675	2023-05-10 12:26:26	98	1	1	0
     8675	2023-05-10 12:26:27	98	1	1	0
     8389	2023-05-10 12:26:30	98	1	15	0
     8389	2023-05-10 12:26:32	98	1	15	0
     8704	2023-05-10 12:26:42	98	1	1	0
     8704	2023-05-10 12:26:43	98	1	1	0
     9359	2023-05-10 12:26:53	98	1	15	0
     3964	2023-05-10 12:31:06	98	0	1	0
     3964	2023-05-10 12:31:10	98	0	1	0
     4581	2023-05-10 12:31:13	98	0	15	0
     4581	2023-05-10 12:31:15	98	0	15	0
     8665	2023-05-10 12:31:23	98	0	15	0
     8665	2023-05-10 12:31:25	98	0	15	0
     4080	2023-05-10 12:31:30	98	0	1	0
     4080	2023-05-10 12:31:33	98	0	1	0
      576	2023-05-10 12:31:35	98	0	1	0
      576	2023-05-10 12:31:37	98	0	1	0
     2380	2023-05-10 12:31:41	98	0	15	0
     2380	2023-05-10 12:31:43	98	0	15	0
     8630	2023-05-10 12:31:48	98	0	1	0
     8630	2023-05-10 12:31:50	98	0	1	0
     2580	2023-05-10 12:31:58	98	0	15	0
     2580	2023-05-10 12:32:00	98	0	15	0
     2460	2023-05-10 12:32:04	98	0	15	0
     2460	2023-05-10 12:32:06	98	0	15	0
      536	2023-05-10 12:32:11	98	0	1	0
      536	2023-05-10 12:32:13	98	0	1	0
     1479	2023-05-10 12:32:16	98	0	15	0
     1479	2023-05-10 12:32:18	98	0	15	0
     2209	2023-05-10 12:32:33	98	0	1	0
     2209	2023-05-10 12:32:35	98	0	1	0
     2467	2023-05-10 12:32:41	98	0	15	0
     2467	2023-05-10 12:32:45	98	0	15	0
     2582	2023-05-10 12:32:59	98	0	15	0
     2582	2023-05-10 12:33:01	98	0	15	0
     8389	2023-05-10 12:33:08	98	0	15	0
     8389	2023-05-10 12:33:10	98	0	15	0
      356	2023-05-10 12:33:14	98	0	15	0
      356	2023-05-10 12:33:16	98	0	15	0
     8723	2023-05-10 12:33:23	98	0	1	0
     8723	2023-05-10 12:33:25	98	0	1	0
     8156	2023-05-10 12:33:26	98	0	1	0
     8156	2023-05-10 12:33:28	98	0	1	0
     5409	2023-05-10 12:34:54	98	0	1	0
     5409	2023-05-10 12:34:55	98	0	1	0
     8675	2023-05-10 12:35:00	98	0	15	0
     8675	2023-05-10 12:35:02	98	0	15	0
     4516	2023-05-10 12:35:28	98	0	1	0
     4516	2023-05-10 12:35:30	98	0	1	0
     1502	2023-05-10 12:35:40	98	0	15	0
     1502	2023-05-10 12:35:43	98	0	15	0
     2023	2023-05-10 12:35:48	98	0	1	0
     1181	2023-05-10 12:35:56	98	0	15	0
     1181	2023-05-10 12:35:59	98	0	1	0
      581	2023-05-10 12:36:06	98	0	1	0
      581	2023-05-10 12:36:07	98	0	1	0
      585	2023-05-10 12:36:12	98	0	1	0
      585	2023-05-10 12:36:14	98	0	1	0
     8122	2023-05-10 12:36:19	98	0	1	0
     8122	2023-05-10 12:36:21	98	0	1	0
     2991	2023-05-10 12:36:23	98	0	1	0
     2991	2023-05-10 12:36:24	98	0	1	0
     6526	2023-05-10 12:36:26	98	0	15	0
     6912	2023-05-10 12:36:32	98	0	15	0
     6912	2023-05-10 12:36:34	98	0	1	0
     5409	2023-05-10 12:36:37	98	0	1	0
     8704	2023-05-10 12:36:49	98	0	1	0
     8704	2023-05-10 12:36:51	98	0	1	0
     8704	2023-05-10 12:36:52	98	0	1	0
     8704	2023-05-10 12:36:59	98	0	1	0
     8389	2023-05-10 12:37:04	98	0	15	0
    10458	2023-05-10 12:37:35	98	0	1	0
    10458	2023-05-10 12:37:37	98	0	1	0
    10458	2023-05-10 12:37:40	98	0	1	0
    10119	2023-05-10 12:37:42	98	0	1	0
    10119	2023-05-10 12:37:47	98	0	1	0
    10119	2023-05-10 12:37:49	98	0	1	0
    10119	2023-05-10 12:37:51	98	0	1	0
     9193	2023-05-10 12:39:57	98	0	15	0
     9193	2023-05-10 12:39:59	98	0	15	0
     9359	2023-05-10 12:41:00	98	0	15	0
     5886	2023-05-10 12:41:07	98	0	1	0
     5886	2023-05-10 12:41:09	98	0	1	0
      352	2023-05-10 12:42:24	98	0	15	0
      352	2023-05-10 12:42:26	98	0	15	0
       59	2023-05-10 12:42:37	98	0	1	0
    10125	2023-05-10 12:45:32	98	0	1	0
    10125	2023-05-10 12:45:34	98	0	1	0
    10123	2023-05-10 12:45:39	98	0	1	0
    10123	2023-05-10 12:45:41	98	0	1	0
    10123	2023-05-10 12:45:43	98	0	1	0
     1191	2023-05-10 12:45:49	98	0	1	0
     1191	2023-05-10 12:45:50	98	0	1	0
     5350	2023-05-10 12:49:51	98	0	15	0
     5350	2023-05-10 12:49:53	98	0	15	0
      360	2023-05-10 12:49:57	98	0	15	0
      360	2023-05-10 12:50:02	98	0	15	0
     6253	2023-05-10 12:50:09	98	0	1	0
     6253	2023-05-10 12:50:11	98	0	1	0
      691	2023-05-10 12:50:19	98	0	15	0
      691	2023-05-10 12:50:21	98	0	15	0
      561	2023-05-10 12:50:26	98	0	15	0
      561	2023-05-10 12:50:28	98	0	15	0
     1309	2023-05-10 12:50:30	98	0	15	0
     1309	2023-05-10 12:50:32	98	0	15	0
      348	2023-05-10 12:51:37	98	0	15	0
      348	2023-05-10 12:51:39	98	0	15	0
     1035	2023-05-10 12:52:22	98	0	15	0
     1035	2023-05-10 12:52:24	98	0	15	0
     8620	2023-05-10 12:58:09	98	0	1	0
     8620	2023-05-10 12:58:11	98	0	1	0
     8665	2023-05-10 16:31:41	98	1	15	0
      360	2023-05-10 17:00:03	98	1	15	0
      360	2023-05-10 17:00:05	98	1	15	0
     8675	2023-05-10 17:00:09	98	1	15	0
     8675	2023-05-10 17:00:11	98	1	15	0
     8229	2023-05-10 17:00:15	98	1	1	0
     8322	2023-05-10 17:00:19	98	1	1	0
     1620	2023-05-10 17:00:22	98	1	15	0
     1620	2023-05-10 17:00:23	98	1	15	0
    10185	2023-05-10 17:00:26	98	1	1	0
    10185	2023-05-10 17:00:27	98	1	1	0
      604	2023-05-10 17:00:29	98	1	1	0
      604	2023-05-10 17:00:31	98	1	1	0
     2460	2023-05-10 17:00:33	98	1	15	0
     2460	2023-05-10 17:00:35	98	1	15	0
    10149	2023-05-10 17:00:40	98	1	15	0
    10149	2023-05-10 17:00:42	98	1	15	0
      581	2023-05-10 17:00:48	98	1	15	0
      581	2023-05-10 17:00:50	98	1	15	0
     9193	2023-05-10 17:00:54	98	1	15	0
     9193	2023-05-10 17:00:59	98	1	15	0
    10119	2023-05-10 17:01:03	98	1	1	0
    10119	2023-05-10 17:01:05	98	1	1	0
    10119	2023-05-10 17:01:07	98	1	1	0
    10458	2023-05-10 17:01:08	98	1	1	0
    10458	2023-05-10 17:01:10	98	1	1	0
    10458	2023-05-10 17:01:12	98	1	1	0
     1181	2023-05-10 17:01:13	98	1	1	0
     1181	2023-05-10 17:01:15	98	1	1	0
     1181	2023-05-10 17:01:17	98	1	15	0
     2582	2023-05-10 17:01:19	98	1	15	0
      691	2023-05-10 17:01:25	98	1	15	0
      691	2023-05-10 17:01:27	98	1	15	0
     4581	2023-05-10 17:01:32	98	1	15	0
     4581	2023-05-10 17:01:34	98	1	15	0
      536	2023-05-10 17:01:38	98	1	1	0
      536	2023-05-10 17:01:39	98	1	1	0
     5409	2023-05-10 17:01:41	98	1	1	0
     5409	2023-05-10 17:01:43	98	1	1	0
     5409	2023-05-10 17:01:44	98	1	1	0
      585	2023-05-10 17:01:46	98	1	1	0
      585	2023-05-10 17:01:49	98	1	1	0
     2467	2023-05-10 17:01:54	98	1	15	0
     2467	2023-05-10 17:01:56	98	1	15	0
     8156	2023-05-10 17:02:00	98	1	1	0
     8156	2023-05-10 17:02:02	98	1	1	0
     4174	2023-05-10 17:02:14	98	1	1	0
     8630	2023-05-10 17:02:27	98	1	1	0
     8630	2023-05-10 17:02:28	98	1	1	0
     2209	2023-05-10 17:02:52	98	1	1	0
     2209	2023-05-10 17:02:53	98	1	1	0
     3754	2023-05-10 17:03:05	98	1	15	0
     8389	2023-05-10 17:03:31	98	1	15	0
     8389	2023-05-10 17:03:33	98	1	15	0
      356	2023-05-10 17:03:38	98	1	15	0
      356	2023-05-10 17:03:39	98	1	15	0
      356	2023-05-10 17:03:41	98	1	15	0
     6253	2023-05-10 17:03:45	98	1	1	0
     6253	2023-05-10 17:03:47	98	1	1	0
     6253	2023-05-10 17:03:49	98	1	1	0
     1502	2023-05-10 17:04:51	98	1	15	0
     1502	2023-05-10 17:04:53	98	1	15	0
    10125	2023-05-10 17:05:15	98	1	1	0
    10125	2023-05-10 17:05:16	98	1	1	0
    10123	2023-05-10 17:05:48	98	1	1	0
    10123	2023-05-10 17:05:50	98	1	1	0
    10123	2023-05-10 17:05:52	98	1	1	0
     8704	2023-05-10 17:06:07	98	1	1	0
     8704	2023-05-10 17:06:09	98	1	1	0
     8704	2023-05-10 17:06:11	98	1	1	0
     4080	2023-05-10 17:06:26	98	1	1	0
     4080	2023-05-10 17:06:28	98	1	1	0
     1191	2023-05-10 17:07:00	98	1	1	0
     1191	2023-05-10 17:07:02	98	1	1	0
    10125	2023-05-10 17:07:11	98	1	1	0
    10125	2023-05-10 17:07:13	98	1	1	0
     1035	2023-05-10 17:07:22	98	1	15	0
     1035	2023-05-10 17:07:25	98	1	15	0
     1502	2023-05-10 17:07:31	98	1	15	0
     1309	2023-05-10 17:08:07	98	1	15	0
     1309	2023-05-10 17:08:09	98	1	15	0
     1309	2023-05-10 17:08:11	98	1	15	0
      576	2023-05-10 17:08:15	98	1	1	0
      576	2023-05-10 17:08:17	98	1	1	0
     5886	2023-05-10 17:08:21	98	1	1	0
     5886	2023-05-10 17:08:23	98	1	1	0
     8704	2023-05-10 17:08:29	98	1	1	0
     8122	2023-05-10 17:08:55	98	1	1	0
     8122	2023-05-10 17:08:57	98	1	1	0
     2991	2023-05-10 17:09:00	98	1	1	0
     2991	2023-05-10 17:09:02	98	1	1	0
     8122	2023-05-10 17:11:48	98	1	1	0
     8122	2023-05-10 17:11:50	98	1	1	0
     2991	2023-05-10 17:11:52	98	1	1	0
      352	2023-05-10 17:14:47	98	1	15	0
      352	2023-05-10 17:14:50	98	1	15	0
     6253	2023-05-10 17:14:56	98	1	1	0
     9359	2023-05-10 17:15:08	98	1	15	0
     8156	2023-05-10 17:16:13	98	1	1	0
     8156	2023-05-10 17:16:14	98	1	1	0
     8723	2023-05-10 17:16:57	98	1	15	0
     8723	2023-05-10 17:17:00	98	1	15	0
       59	2023-05-10 17:19:17	98	1	1	0
     6912	2023-05-10 17:19:33	98	1	15	0
     6912	2023-05-10 17:19:35	98	1	1	0
     6912	2023-05-10 17:19:37	98	1	1	0
     2582	2023-05-11 05:14:07	98	0	15	0
     2582	2023-05-11 05:14:09	98	0	15	0
     2582	2023-05-11 05:14:11	98	0	15	0
     6912	2023-05-11 05:49:51	98	0	15	0
     6912	2023-05-11 05:49:53	98	0	15	0
     6912	2023-05-11 05:49:54	98	0	1	0
     8156	2023-05-11 05:52:41	98	0	1	0
     8156	2023-05-11 05:52:42	98	0	1	0
     8396	2023-05-11 06:21:43	98	0	1	0
     8396	2023-05-11 06:21:45	98	0	1	0
     1600	2023-05-11 06:45:47	98	0	1	0
     1600	2023-05-11 06:45:48	98	0	1	0
     5247	2023-05-11 06:58:23	98	0	1	0
     5247	2023-05-11 06:58:39	98	0	1	0
     2991	2023-05-11 06:59:02	98	0	1	0
     2991	2023-05-11 06:59:03	98	0	1	0
     2991	2023-05-11 06:59:05	98	0	1	0
     2991	2023-05-11 06:59:12	98	0	1	0
     1181	2023-05-11 07:05:38	98	0	15	0
     1181	2023-05-11 07:05:40	98	0	15	0
     2467	2023-05-11 07:17:41	98	0	15	0
     2467	2023-05-11 07:17:46	98	0	15	0
     2467	2023-05-11 07:17:48	98	0	15	0
     2467	2023-05-11 07:21:04	98	0	15	0
     2467	2023-05-11 07:21:07	98	0	15	0
      585	2023-05-11 07:24:35	98	0	1	0
      585	2023-05-11 07:24:37	98	0	1	0
    10125	2023-05-11 07:26:43	98	0	1	0
    10125	2023-05-11 07:26:45	98	0	1	0
    10125	2023-05-11 07:26:46	98	0	1	0
     1191	2023-05-11 07:29:21	98	0	1	0
     1191	2023-05-11 07:29:23	98	0	1	0
     1035	2023-05-11 07:29:31	98	0	1	0
     1035	2023-05-11 07:29:34	98	0	1	0
      360	2023-05-11 07:32:19	98	0	15	0
      360	2023-05-11 07:32:20	98	0	15	0
      360	2023-05-11 07:32:25	98	0	15	0
     1032	2023-05-11 07:32:30	98	0	1	0
     8630	2023-05-11 07:34:02	98	0	1	0
     8630	2023-05-11 07:34:04	98	0	1	0
     1309	2023-05-11 07:34:10	98	0	15	0
     1309	2023-05-11 07:34:12	98	0	15	0
     1309	2023-05-11 07:34:14	98	0	15	0
     5769	2023-05-11 07:35:06	98	0	1	0
     5769	2023-05-11 07:35:09	98	0	1	0
     8665	2023-05-11 07:37:07	98	0	15	0
     8788	2023-05-11 07:38:04	98	0	1	0
     8788	2023-05-11 07:38:07	98	0	1	0
     8322	2023-05-11 07:38:16	98	0	1	0
     3964	2023-05-11 07:41:24	98	0	1	0
     3964	2023-05-11 07:41:26	98	0	15	0
     3964	2023-05-11 07:41:28	98	0	1	0
     3964	2023-05-11 07:41:29	98	0	15	0
     3964	2023-05-11 07:41:30	98	0	1	0
     3964	2023-05-11 07:41:32	98	0	1	0
     9372	2023-05-11 07:41:38	98	0	1	0
     9372	2023-05-11 07:41:41	98	0	1	0
    10185	2023-05-11 07:41:46	98	0	1	0
    10185	2023-05-11 07:41:47	98	0	1	0
    10185	2023-05-11 07:41:49	98	0	1	0
    10126	2023-05-11 07:41:52	98	0	15	0
    10126	2023-05-11 07:41:54	98	0	15	0
     2460	2023-05-11 07:42:04	98	0	15	0
     2460	2023-05-11 07:42:06	98	0	15	0
     2460	2023-05-11 07:42:09	98	0	15	0
     8229	2023-05-11 07:42:17	98	0	15	0
     8229	2023-05-11 07:42:19	98	0	15	0
     4080	2023-05-11 07:43:26	98	0	1	0
     4080	2023-05-11 07:43:29	98	0	1	0
     6253	2023-05-11 07:44:36	98	0	1	0
     6253	2023-05-11 07:44:38	98	0	1	0
     6253	2023-05-11 07:44:39	98	0	1	0
     9359	2023-05-11 07:44:48	98	0	15	0
     9359	2023-05-11 07:44:52	98	0	15	0
     6835	2023-05-11 07:45:18	98	0	15	0
     6835	2023-05-11 07:45:20	98	0	15	0
     2359	2023-05-11 07:45:37	98	0	15	0
      691	2023-05-11 07:46:12	98	0	15	0
      691	2023-05-11 07:46:15	98	0	15	0
    10119	2023-05-11 07:47:19	98	0	1	0
    10119	2023-05-11 07:47:21	98	0	1	0
    10119	2023-05-11 07:47:23	98	0	1	0
    10119	2023-05-11 07:47:25	98	0	1	0
    10458	2023-05-11 07:47:29	98	0	1	0
    10458	2023-05-11 07:47:31	98	0	1	0
    10458	2023-05-11 07:47:34	98	0	1	0
     1502	2023-05-11 07:50:15	98	0	15	0
     1502	2023-05-11 07:50:19	98	0	15	0
     1502	2023-05-11 07:50:21	98	0	15	0
     4657	2023-05-11 07:51:01	98	0	1	0
     6110	2023-05-11 07:51:04	98	0	1	0
     6110	2023-05-11 07:51:06	98	0	1	0
     8675	2023-05-11 07:51:13	98	0	15	0
     8675	2023-05-11 07:51:15	98	0	15	0
    10123	2023-05-11 07:51:35	98	0	1	0
    10123	2023-05-11 07:51:37	98	0	1	0
     2023	2023-05-11 07:51:40	98	0	1	0
     2023	2023-05-11 07:51:41	98	0	1	0
      576	2023-05-11 07:51:46	98	0	1	0
      576	2023-05-11 07:51:48	98	0	1	0
     9193	2023-05-11 07:51:57	98	0	15	0
     9193	2023-05-11 07:52:00	98	0	15	0
     8389	2023-05-11 07:52:43	98	0	15	0
     8389	2023-05-11 07:52:45	98	0	15	0
     6526	2023-05-11 07:52:50	98	0	15	0
     1620	2023-05-11 07:53:33	98	0	15	0
     1620	2023-05-11 07:53:39	98	0	15	0
     5886	2023-05-11 07:53:45	98	0	15	0
     5886	2023-05-11 07:53:47	98	0	15	0
     5350	2023-05-11 07:54:06	98	0	15	0
     5350	2023-05-11 07:54:08	98	0	15	0
     8723	2023-05-11 07:54:15	98	0	15	0
     8723	2023-05-11 07:54:17	98	0	15	0
      359	2023-05-11 07:56:58	98	0	15	0
      359	2023-05-11 07:57:01	98	0	15	0
     2380	2023-05-11 07:57:08	98	0	15	0
     5409	2023-05-11 07:57:11	98	0	1	0
     5409	2023-05-11 07:57:13	98	0	1	0
     8122	2023-05-11 07:58:12	98	0	15	0
     8122	2023-05-11 07:58:14	98	0	15	0
     8704	2023-05-11 07:58:23	98	0	1	0
     8704	2023-05-11 07:58:25	98	0	1	0
     8704	2023-05-11 07:58:26	98	0	1	0
     8704	2023-05-11 07:58:28	98	0	1	0
     8314	2023-05-11 07:59:56	98	0	1	0
     8373	2023-05-11 08:03:06	98	0	15	0
     8373	2023-05-11 08:03:08	98	0	15	0
     2044	2023-05-11 08:04:44	98	1	15	0
     2044	2023-05-11 08:04:46	98	1	15	0
     2044	2023-05-11 08:04:53	98	1	15	0
     9553	2023-05-11 08:07:17	98	0	1	0
      359	2023-05-11 12:01:01	98	1	15	0
      359	2023-05-11 12:01:03	98	1	15	0
      585	2023-05-11 12:01:16	98	1	1	0
      585	2023-05-11 12:01:18	98	1	1	0
     1502	2023-05-11 12:01:21	98	1	15	0
     1502	2023-05-11 12:01:23	98	1	15	0
     2220	2023-05-11 12:01:28	98	1	1	0
     2460	2023-05-11 12:01:43	98	1	15	0
     2460	2023-05-11 12:01:45	98	1	15	0
    10119	2023-05-11 12:01:48	98	1	1	0
    10119	2023-05-11 12:01:49	98	1	1	0
    10119	2023-05-11 12:01:51	98	1	1	0
    10119	2023-05-11 12:01:53	98	1	1	0
      561	2023-05-11 12:02:02	98	1	15	0
      561	2023-05-11 12:02:03	98	1	15	0
      691	2023-05-11 12:02:07	98	1	15	0
      691	2023-05-11 12:02:09	98	1	15	0
      691	2023-05-11 12:02:11	98	1	15	0
     1309	2023-05-11 12:02:37	98	1	15	0
     1309	2023-05-11 12:02:39	98	1	15	0
     2272	2023-05-11 12:03:32	98	2	1	0
     8389	2023-05-11 12:04:00	98	1	15	0
     8389	2023-05-11 12:04:02	98	1	15	0
     9193	2023-05-11 12:04:21	98	1	15	0
     9193	2023-05-11 12:04:24	98	1	15	0
     9193	2023-05-11 12:04:26	98	1	15	0
      348	2023-05-11 12:04:28	98	1	15	0
      348	2023-05-11 12:04:30	98	1	15	0
     8630	2023-05-11 12:06:30	98	1	1	0
     8630	2023-05-11 12:06:32	98	1	1	0
     4080	2023-05-11 12:06:33	98	1	1	0
     8723	2023-05-11 12:06:38	98	1	1	0
     2582	2023-05-11 12:06:42	98	1	15	0
     2582	2023-05-11 12:06:44	98	1	15	0
     2991	2023-05-11 12:07:29	98	1	1	0
     2991	2023-05-11 12:07:31	98	1	1	0
     5350	2023-05-11 12:08:18	98	1	15	0
     6253	2023-05-11 12:08:23	98	1	1	0
     6253	2023-05-11 12:08:25	98	1	1	0
     8620	2023-05-11 12:08:28	98	1	1	0
     8620	2023-05-11 12:08:29	98	1	1	0
      360	2023-05-11 12:08:33	98	1	15	0
      360	2023-05-11 12:08:35	98	1	15	0
     8156	2023-05-11 12:08:41	98	1	1	0
     8156	2023-05-11 12:08:42	98	1	1	0
     8156	2023-05-11 12:08:53	98	1	1	0
     8156	2023-05-11 12:08:54	98	1	1	0
     1181	2023-05-11 12:09:11	98	1	15	0
     1181	2023-05-11 12:09:14	98	1	1	0
      329	2023-05-11 12:09:27	98	1	1	0
      329	2023-05-11 12:09:30	98	1	1	0
     2209	2023-05-11 12:10:51	98	1	15	0
     2209	2023-05-11 12:10:57	98	1	1	0
    10126	2023-05-11 12:11:02	98	1	15	0
    10126	2023-05-11 12:11:04	98	1	15	0
    10125	2023-05-11 12:13:39	98	1	1	0
    10125	2023-05-11 12:13:40	98	1	1	0
     3964	2023-05-11 12:13:46	98	1	1	0
     3964	2023-05-11 12:13:48	98	1	1	0
     3964	2023-05-11 12:13:51	98	1	15	0
     3964	2023-05-11 12:13:53	98	1	15	0
     3964	2023-05-11 12:13:55	98	1	1	0
    10123	2023-05-11 12:14:42	98	1	1	0
    10123	2023-05-11 12:14:43	98	1	1	0
     8028	2023-05-11 12:15:18	98	1	15	0
     3754	2023-05-11 12:15:23	98	1	15	0
     4145	2023-05-11 12:16:58	98	1	15	0
     4145	2023-05-11 12:17:01	98	1	15	0
     9186	2023-05-11 12:17:04	98	1	15	0
     8675	2023-05-11 12:18:31	98	1	15	0
     8675	2023-05-11 12:18:33	98	1	15	0
     8122	2023-05-11 12:18:44	98	1	1	0
     8122	2023-05-11 12:18:47	98	1	1	0
     4516	2023-05-11 12:21:00	98	1	1	0
     4516	2023-05-11 12:21:03	98	1	1	0
    10185	2023-05-11 12:21:07	98	1	1	0
    10185	2023-05-11 12:21:09	98	1	1	0
    10149	2023-05-11 12:21:12	98	1	1	0
    10149	2023-05-11 12:21:15	98	1	1	0
    10149	2023-05-11 12:21:21	98	1	1	0
     8396	2023-05-11 12:21:53	98	1	1	0
     8396	2023-05-11 12:21:56	98	1	1	0
     5886	2023-05-11 12:21:59	98	1	1	0
     5886	2023-05-11 12:22:01	98	1	1	0
      505	2023-05-11 12:22:09	98	1	1	0
      505	2023-05-11 12:22:11	98	1	1	0
     5886	2023-05-11 12:24:28	98	1	1	0
     5886	2023-05-11 12:24:30	98	1	1	0
      352	2023-05-11 12:25:37	98	1	15	0
      352	2023-05-11 12:25:39	98	1	15	0
      536	2023-05-11 12:26:04	98	1	1	0
      536	2023-05-11 12:26:06	98	1	1	0
     8665	2023-05-11 12:26:09	98	1	15	0
     2380	2023-05-11 12:26:12	98	1	15	0
      576	2023-05-11 12:26:17	98	1	1	0
      576	2023-05-11 12:26:19	98	1	15	0
      576	2023-05-11 12:26:21	98	1	1	0
     9359	2023-05-11 12:26:23	98	1	15	0
     9359	2023-05-11 12:26:26	98	1	15	0
      581	2023-05-11 12:27:18	98	1	1	0
     5409	2023-05-11 12:27:24	98	1	1	0
     5409	2023-05-11 12:27:25	98	1	1	0
      581	2023-05-11 12:27:27	98	1	1	0
      581	2023-05-11 12:27:28	98	1	1	0
     8704	2023-05-11 12:28:02	98	1	1	0
     8704	2023-05-11 12:28:03	98	1	1	0
     8704	2023-05-11 12:28:07	98	1	1	0
     2467	2023-05-11 12:31:04	98	0	15	0
     2467	2023-05-11 12:31:06	98	0	15	0
      536	2023-05-11 12:31:13	98	0	1	0
      536	2023-05-11 12:31:15	98	0	1	0
     8665	2023-05-11 12:31:19	98	0	15	0
     8665	2023-05-11 12:31:21	98	0	15	0
      576	2023-05-11 12:31:31	98	0	1	0
      576	2023-05-11 12:31:33	98	0	1	0
      581	2023-05-11 12:31:35	98	0	1	0
      581	2023-05-11 12:31:37	98	0	1	0
     2380	2023-05-11 12:31:41	98	0	15	0
     2380	2023-05-11 12:31:43	98	0	15	0
     8704	2023-05-11 12:31:50	98	0	1	0
     8704	2023-05-11 12:31:52	98	0	1	0
     8704	2023-05-11 12:31:53	98	0	1	0
     8389	2023-05-11 12:31:59	98	0	15	0
     8389	2023-05-11 12:32:00	98	0	15	0
     2582	2023-05-11 12:32:08	98	0	15	0
     2582	2023-05-11 12:32:10	98	0	15	0
     5886	2023-05-11 12:32:14	98	0	1	0
     5886	2023-05-11 12:32:16	98	0	1	0
     6912	2023-05-11 12:32:25	98	0	15	0
     8156	2023-05-11 12:32:27	98	0	1	0
     6912	2023-05-11 12:32:28	98	0	15	0
     8156	2023-05-11 12:32:30	98	0	1	0
     6912	2023-05-11 12:32:30	98	0	15	0
     6912	2023-05-11 12:32:34	98	0	15	0
     8156	2023-05-11 12:32:36	98	0	1	0
     6912	2023-05-11 12:32:40	98	0	1	0
     6912	2023-05-11 12:32:42	98	0	1	0
     9885	2023-05-11 12:32:45	98	0	15	0
     9885	2023-05-11 12:32:48	98	0	15	0
     9885	2023-05-11 12:32:50	98	0	15	0
     5409	2023-05-11 12:32:58	98	0	1	0
     5409	2023-05-11 12:32:59	98	0	1	0
     8704	2023-05-11 12:33:08	98	0	1	0
     8396	2023-05-11 12:33:12	98	0	1	0
     8396	2023-05-11 12:33:13	98	0	1	0
     1181	2023-05-11 12:33:24	98	0	1	0
     1181	2023-05-11 12:33:30	98	0	1	0
     2991	2023-05-11 12:33:32	98	0	1	0
     2991	2023-05-11 12:33:33	98	0	1	0
     9193	2023-05-11 12:33:36	98	0	15	0
     9193	2023-05-11 12:33:37	98	0	15	0
     9193	2023-05-11 12:33:39	98	0	15	0
     2991	2023-05-11 12:33:44	98	0	1	0
      585	2023-05-11 12:33:46	98	0	1	0
      585	2023-05-11 12:33:48	98	0	1	0
     9359	2023-05-11 12:33:58	98	0	15	0
      790	2023-05-11 12:34:03	98	0	15	0
      790	2023-05-11 12:34:07	98	0	15	0
    10254	2023-05-11 12:34:11	98	0	1	0
    10254	2023-05-11 12:34:13	98	0	1	0
     1502	2023-05-11 12:34:19	98	0	15	0
     1502	2023-05-11 12:34:22	98	0	15	0
     2460	2023-05-11 12:34:28	98	0	15	0
     2460	2023-05-11 12:34:30	98	0	15	0
     3964	2023-05-11 12:34:45	98	0	1	0
     3964	2023-05-11 12:34:46	98	0	1	0
     3964	2023-05-11 12:34:48	98	0	1	0
     3964	2023-05-11 12:34:50	98	0	1	0
     1502	2023-05-11 12:34:59	98	0	15	0
    10149	2023-05-11 12:35:28	98	0	1	0
    10149	2023-05-11 12:35:31	98	0	1	0
    10149	2023-05-11 12:35:34	98	0	1	0
    10185	2023-05-11 12:35:39	98	0	1	0
    10185	2023-05-11 12:35:41	98	0	1	0
      352	2023-05-11 12:36:20	98	0	15	0
      352	2023-05-11 12:36:22	98	0	15	0
     4516	2023-05-11 12:36:26	98	0	1	0
     4516	2023-05-11 12:36:28	98	0	1	0
     2209	2023-05-11 12:37:38	98	0	1	0
     2209	2023-05-11 12:37:40	98	0	1	0
    10119	2023-05-11 12:37:45	98	0	1	0
    10119	2023-05-11 12:37:47	98	0	1	0
    10119	2023-05-11 12:37:48	98	0	1	0
     3964	2023-05-11 12:37:56	98	0	1	0
    10126	2023-05-11 12:38:14	98	0	15	0
    10126	2023-05-11 12:38:16	98	0	15	0
    10125	2023-05-11 12:38:21	98	0	1	0
    10125	2023-05-11 12:38:23	98	0	1	0
     5247	2023-05-11 12:38:25	98	0	1	0
     5247	2023-05-11 12:38:27	98	0	1	0
    10123	2023-05-11 12:39:45	98	0	1	0
    10123	2023-05-11 12:39:47	98	0	1	0
    10123	2023-05-11 12:39:49	98	0	1	0
      329	2023-05-11 12:42:22	98	0	1	0
      329	2023-05-11 12:42:24	98	0	1	0
     8028	2023-05-11 12:43:16	98	0	15	0
     8122	2023-05-11 12:45:46	98	0	1	0
     8122	2023-05-11 12:45:47	98	0	1	0
      352	2023-05-11 12:46:03	98	0	15	0
     5886	2023-05-11 12:46:06	98	0	1	0
     5886	2023-05-11 12:46:08	98	0	1	0
     1181	2023-05-11 12:46:21	98	0	1	0
     8396	2023-05-11 12:46:25	98	0	1	0
     8396	2023-05-11 12:46:27	98	0	1	0
     1502	2023-05-11 12:47:03	98	0	15	0
      360	2023-05-11 12:50:18	98	0	15	0
      360	2023-05-11 12:50:20	98	0	15	0
     8620	2023-05-11 12:50:26	98	0	1	0
     8620	2023-05-11 12:50:28	98	0	1	0
     6253	2023-05-11 12:50:30	98	0	1	0
     6253	2023-05-11 12:50:32	98	0	1	0
     6253	2023-05-11 12:50:33	98	0	1	0
     6253	2023-05-11 12:50:35	98	0	1	0
     8675	2023-05-11 12:50:39	98	0	15	0
     8675	2023-05-11 12:50:41	98	0	15	0
     5350	2023-05-11 12:50:47	98	0	15	0
     8630	2023-05-11 12:51:03	98	0	1	0
     8630	2023-05-11 12:51:04	98	0	1	0
     4080	2023-05-11 12:51:06	98	0	1	0
     4080	2023-05-11 12:51:07	98	0	1	0
     9432	2023-05-11 12:53:28	98	0	1	0
     9432	2023-05-11 12:53:30	98	0	1	0
     9432	2023-05-11 12:53:32	98	0	1	0
      691	2023-05-11 12:53:59	98	0	15	0
      691	2023-05-11 12:54:02	98	0	15	0
      561	2023-05-11 12:54:07	98	0	15	0
      561	2023-05-11 12:54:08	98	0	15	0
     1309	2023-05-11 12:54:13	98	0	15	0
     1309	2023-05-11 12:54:15	98	0	15	0
     1309	2023-05-11 12:54:17	98	0	15	0
      359	2023-05-11 12:54:23	98	0	15	0
      359	2023-05-11 12:54:24	98	0	15	0
      348	2023-05-11 12:55:37	98	0	15	0
      348	2023-05-11 12:55:40	98	0	15	0
      348	2023-05-11 12:55:42	98	0	15	0
     8665	2023-05-11 16:31:38	98	1	15	0
    10185	2023-05-11 17:00:04	98	1	1	0
     4516	2023-05-11 17:00:07	98	1	1	0
     4516	2023-05-11 17:00:09	98	1	1	0
     1297	2023-05-11 17:00:11	98	1	1	0
     1297	2023-05-11 17:00:13	98	1	1	0
     2685	2023-05-11 17:00:15	98	1	1	0
     2685	2023-05-11 17:00:17	98	1	1	0
      536	2023-05-11 17:00:22	98	1	1	0
      536	2023-05-11 17:00:24	98	1	1	0
      360	2023-05-11 17:00:26	98	1	15	0
      360	2023-05-11 17:00:28	98	1	15	0
     1620	2023-05-11 17:00:33	98	1	15	0
     1620	2023-05-11 17:00:34	98	1	15	0
    10149	2023-05-11 17:00:37	98	1	15	0
    10149	2023-05-11 17:00:39	98	1	15	0
     2467	2023-05-11 17:00:43	98	1	15	0
     2467	2023-05-11 17:00:45	98	1	15	0
     1181	2023-05-11 17:00:49	98	1	1	0
     1181	2023-05-11 17:00:50	98	1	1	0
     7330	2023-05-11 17:00:54	98	1	1	0
     7330	2023-05-11 17:00:56	98	1	1	0
      790	2023-05-11 17:01:05	98	1	15	0
      790	2023-05-11 17:01:07	98	1	15	0
     8723	2023-05-11 17:01:10	98	1	15	0
     8723	2023-05-11 17:01:12	98	1	15	0
      585	2023-05-11 17:01:16	98	1	15	0
      585	2023-05-11 17:01:18	98	1	15	0
      585	2023-05-11 17:01:20	98	1	15	0
     1035	2023-05-11 17:01:25	98	1	15	0
     1035	2023-05-11 17:01:29	98	1	15	0
      604	2023-05-11 17:01:32	98	1	1	0
     1191	2023-05-11 17:01:37	98	1	1	0
     1191	2023-05-11 17:01:38	98	1	1	0
    10254	2023-05-11 17:02:11	98	1	1	0
    10254	2023-05-11 17:02:12	98	1	1	0
      581	2023-05-11 17:02:16	98	1	1	0
      581	2023-05-11 17:02:18	98	1	1	0
      581	2023-05-11 17:02:19	98	1	1	0
     2380	2023-05-11 17:02:20	98	1	15	0
      691	2023-05-11 17:02:26	98	1	15	0
      691	2023-05-11 17:02:28	98	1	15	0
     9193	2023-05-11 17:02:37	98	1	15	0
     9193	2023-05-11 17:02:39	98	1	15	0
    10119	2023-05-11 17:02:55	98	1	1	0
    10119	2023-05-11 17:02:57	98	1	1	0
    10119	2023-05-11 17:02:59	98	1	1	0
    10119	2023-05-11 17:03:01	98	1	1	0
     8620	2023-05-11 17:03:19	98	1	1	0
     8620	2023-05-11 17:03:20	98	1	1	0
     8620	2023-05-11 17:03:22	98	1	1	0
      359	2023-05-11 17:03:25	98	1	15	0
      359	2023-05-11 17:03:27	98	1	15	0
      348	2023-05-11 17:04:11	98	1	15	0
     5350	2023-05-11 17:04:25	98	1	15	0
     4080	2023-05-11 17:04:30	98	1	1	0
     4080	2023-05-11 17:04:31	98	1	1	0
     4080	2023-05-11 17:04:33	98	1	1	0
     1309	2023-05-11 17:04:38	98	1	15	0
     1309	2023-05-11 17:04:45	98	1	15	0
     8630	2023-05-11 17:04:56	98	1	1	0
     8630	2023-05-11 17:04:57	98	1	1	0
     8122	2023-05-11 17:05:05	98	1	1	0
     8122	2023-05-11 17:05:07	98	1	1	0
     8389	2023-05-11 17:05:13	98	1	15	0
     8704	2023-05-11 17:05:19	98	1	1	0
     8704	2023-05-11 17:05:21	98	1	1	0
     8704	2023-05-11 17:05:22	98	1	1	0
     8675	2023-05-11 17:05:27	98	1	15	0
     8675	2023-05-11 17:05:29	98	1	15	0
     5409	2023-05-11 17:05:49	98	1	1	0
     5409	2023-05-11 17:05:50	98	1	1	0
     5409	2023-05-11 17:05:52	98	1	1	0
     2991	2023-05-11 17:06:23	98	1	1	0
     2991	2023-05-11 17:06:24	98	1	1	0
     2991	2023-05-11 17:06:26	98	1	1	0
     2582	2023-05-11 17:06:31	98	1	15	0
     2582	2023-05-11 17:06:33	98	1	15	0
     1502	2023-05-11 17:07:14	98	1	15	0
     1502	2023-05-11 17:07:16	98	1	15	0
     9359	2023-05-11 17:07:50	98	1	15	0
     9359	2023-05-11 17:07:52	98	1	15	0
     6253	2023-05-11 17:07:57	98	1	1	0
     6253	2023-05-11 17:07:59	98	1	1	0
     3754	2023-05-11 17:11:53	98	1	15	0
     8396	2023-05-11 17:12:22	98	1	1	0
     8396	2023-05-11 17:12:24	98	1	1	0
     5886	2023-05-11 17:12:27	98	1	1	0
     5886	2023-05-11 17:12:28	98	1	1	0
     6912	2023-05-11 17:13:17	98	1	15	0
     6912	2023-05-11 17:13:19	98	1	15	0
     6912	2023-05-11 17:13:22	98	1	1	0
    10125	2023-05-11 17:13:46	98	1	1	0
    10125	2023-05-11 17:13:48	98	1	1	0
    10126	2023-05-11 17:13:52	98	1	15	0
    10126	2023-05-11 17:13:54	98	1	15	0
     1502	2023-05-11 17:14:06	98	1	15	0
    10123	2023-05-11 17:14:33	98	1	1	0
    10123	2023-05-11 17:14:35	98	1	1	0
    10123	2023-05-11 17:14:36	98	1	1	0
      352	2023-05-11 17:17:12	98	1	15	0
      352	2023-05-11 17:17:14	98	1	15	0
      576	2023-05-11 17:17:19	98	1	15	0
      576	2023-05-11 17:17:21	98	1	15	0
      576	2023-05-11 17:17:23	98	1	15	0
     8156	2023-05-11 17:18:14	98	1	1	0
     8156	2023-05-11 17:18:16	98	1	1	0
     8624	2023-05-11 18:25:11	98	1	15	0
     8624	2023-05-11 18:25:18	98	1	15	0
     2582	2023-05-12 05:20:25	98	0	15	0
     6912	2023-05-12 05:39:36	98	0	15	0
     6912	2023-05-12 05:39:38	98	0	15	0
     6912	2023-05-12 05:39:40	98	0	1	0
     8396	2023-05-12 06:26:18	98	0	1	0
     8396	2023-05-12 06:26:20	98	0	1	0
     1600	2023-05-12 06:49:56	98	0	1	0
     1600	2023-05-12 06:49:59	98	0	1	0
     8156	2023-05-12 07:02:36	98	0	1	0
     8156	2023-05-12 07:02:37	98	0	1	0
     2991	2023-05-12 07:06:01	98	0	1	0
     2991	2023-05-12 07:06:06	98	0	1	0
     9627	2023-05-12 07:10:42	98	0	1	0
     9627	2023-05-12 07:10:47	98	0	1	0
      585	2023-05-12 07:11:34	98	0	1	0
      585	2023-05-12 07:11:37	98	0	1	0
     1181	2023-05-12 07:15:26	98	0	15	0
     1181	2023-05-12 07:15:28	98	0	15	0
     9232	2023-05-12 07:20:31	98	0	15	0
     2467	2023-05-12 07:25:51	98	0	15	0
     2467	2023-05-12 07:25:54	98	0	15	0
     1191	2023-05-12 07:31:12	98	0	1	0
     1191	2023-05-12 07:31:16	98	0	1	0
    10125	2023-05-12 07:31:26	98	0	1	0
    10125	2023-05-12 07:31:27	98	0	1	0
    10125	2023-05-12 07:31:29	98	0	1	0
     6431	2023-05-12 07:31:41	98	0	1	0
    10123	2023-05-12 07:31:45	98	0	1	0
    10123	2023-05-12 07:31:47	98	0	1	0
      790	2023-05-12 07:35:56	98	0	15	0
      790	2023-05-12 07:35:58	98	0	15	0
     3964	2023-05-12 07:39:30	98	0	1	0
     3964	2023-05-12 07:39:32	98	0	1	0
     3964	2023-05-12 07:39:34	98	0	1	0
     3964	2023-05-12 07:39:35	98	0	1	0
     4516	2023-05-12 07:39:54	98	0	1	0
     4516	2023-05-12 07:39:56	98	0	1	0
     4293	2023-05-12 07:39:59	98	0	1	0
     4293	2023-05-12 07:40:00	98	0	1	0
      360	2023-05-12 07:40:03	98	0	15	0
      360	2023-05-12 07:40:05	98	0	15	0
      360	2023-05-12 07:40:07	98	0	15	0
    10126	2023-05-12 07:40:17	98	0	15	0
    10185	2023-05-12 07:40:22	98	0	1	0
    10185	2023-05-12 07:40:24	98	0	1	0
     2460	2023-05-12 07:40:28	98	0	15	0
     2460	2023-05-12 07:40:30	98	0	15	0
     2460	2023-05-12 07:40:32	98	0	15	0
     8675	2023-05-12 07:40:39	98	0	15	0
     8675	2023-05-12 07:40:42	98	0	15	0
    10149	2023-05-12 07:43:51	98	0	15	0
    10149	2023-05-12 07:43:59	98	0	15	0
    10149	2023-05-12 07:44:01	98	0	1	0
      348	2023-05-12 07:44:07	98	0	15	0
      691	2023-05-12 07:44:35	98	0	15	0
      691	2023-05-12 07:44:36	98	0	15	0
     8630	2023-05-12 07:45:13	98	0	1	0
     8630	2023-05-12 07:45:15	98	0	1	0
     1309	2023-05-12 07:45:28	98	0	15	0
     1309	2023-05-12 07:45:31	98	0	15	0
      536	2023-05-12 07:45:37	98	0	1	0
      536	2023-05-12 07:45:38	98	0	1	0
     1479	2023-05-12 07:45:42	98	0	15	0
     1502	2023-05-12 07:46:23	98	0	15	0
     1502	2023-05-12 07:46:25	98	0	15	0
     9359	2023-05-12 07:48:05	98	0	15	0
      356	2023-05-12 07:48:12	98	0	15	0
      356	2023-05-12 07:48:14	98	0	15	0
     6253	2023-05-12 07:48:19	98	0	1	0
     6253	2023-05-12 07:48:21	98	0	1	0
     8229	2023-05-12 07:48:23	98	0	1	0
     8229	2023-05-12 07:48:24	98	0	1	0
     8788	2023-05-12 07:48:27	98	0	1	0
     8788	2023-05-12 07:48:29	98	0	1	0
     4581	2023-05-12 07:49:47	98	0	15	0
     4581	2023-05-12 07:49:48	98	0	15	0
     6110	2023-05-12 07:49:52	98	0	1	0
     6110	2023-05-12 07:49:55	98	0	1	0
      576	2023-05-12 07:51:27	98	0	1	0
      576	2023-05-12 07:51:29	98	0	1	0
     9193	2023-05-12 07:54:56	98	0	15	0
     9193	2023-05-12 07:54:58	98	0	15	0
     4080	2023-05-12 07:55:38	98	0	1	0
     8624	2023-05-12 07:55:48	98	0	15	0
     8624	2023-05-12 07:55:51	98	0	15	0
     5409	2023-05-12 07:56:33	98	0	1	0
     5409	2023-05-12 07:56:35	98	0	1	0
     5409	2023-05-12 07:56:37	98	0	1	0
     5409	2023-05-12 07:56:39	98	0	1	0
     5886	2023-05-12 07:57:04	98	0	1	0
     5886	2023-05-12 07:57:06	98	0	1	0
     5886	2023-05-12 07:57:08	98	0	1	0
     8723	2023-05-12 07:57:20	98	0	1	0
     8723	2023-05-12 07:57:23	98	0	1	0
     8723	2023-05-12 07:57:24	98	0	1	0
       59	2023-05-12 07:57:34	98	0	1	0
     2144	2023-05-12 07:57:50	98	0	15	0
     2144	2023-05-12 07:57:51	98	0	15	0
     8704	2023-05-12 07:59:19	98	0	1	0
     8704	2023-05-12 07:59:20	98	0	1	0
     1620	2023-05-12 07:59:26	98	0	15	0
     1620	2023-05-12 07:59:28	98	0	15	0
     8389	2023-05-12 07:59:58	98	0	15	0
     8389	2023-05-12 08:00:00	98	0	15	0
     8122	2023-05-12 08:00:13	98	0	1	0
     8122	2023-05-12 08:00:15	98	0	1	0
     5350	2023-05-12 08:00:36	98	0	15	0
     5350	2023-05-12 08:00:38	98	0	15	0
     8314	2023-05-12 08:00:43	98	0	1	0
     8373	2023-05-12 08:03:05	98	1	15	0
     8373	2023-05-12 08:03:11	98	1	15	0
     8679	2023-05-12 08:05:49	98	0	1	0
     8679	2023-05-12 08:05:51	98	0	1	0
