     6418	2023-01-01 07:04:26	205	0	1	0
    10147	2023-01-01 07:08:09	205	0	1	0
    10147	2023-01-01 07:08:13	205	0	1	0
     2771	2023-01-01 07:08:31	205	0	1	0
     2771	2023-01-01 07:08:32	205	0	1	0
     7362	2023-01-01 07:09:28	205	0	1	0
     9552	2023-01-01 07:19:12	205	0	1	0
     3200	2023-01-01 07:20:35	205	0	1	0
     4870	2023-01-01 07:20:51	205	0	1	0
     4870	2023-01-01 07:20:53	205	0	1	0
     8290	2023-01-01 07:22:00	205	0	1	0
     4932	2023-01-01 07:22:07	205	0	1	0
     3431	2023-01-01 07:32:13	205	0	1	0
     3431	2023-01-01 07:32:14	205	0	1	0
     3431	2023-01-01 07:32:16	205	0	1	0
    10336	2023-01-01 07:33:20	205	0	1	0
     8717	2023-01-01 07:39:11	205	0	1	0
     4482	2023-01-01 07:42:14	205	0	1	0
     4482	2023-01-01 07:42:16	205	0	1	0
     4497	2023-01-01 07:42:18	205	0	1	0
     4497	2023-01-01 07:42:20	205	0	1	0
      340	2023-01-01 07:44:05	205	0	1	0
     2575	2023-01-01 07:44:14	205	0	1	0
     9288	2023-01-01 07:48:31	205	0	1	0
    10337	2023-01-01 08:01:48	205	0	1	0
     8213	2023-01-01 08:01:52	205	0	1	0
     3761	2023-01-01 08:04:48	205	0	1	0
    10307	2023-01-01 08:12:34	205	0	1	0
    10278	2023-01-01 08:18:10	205	0	1	0
     4299	2023-01-01 08:23:18	205	0	1	0
     4299	2023-01-01 08:23:20	205	0	1	0
     9692	2023-01-01 08:26:31	205	0	1	0
     4209	2023-01-01 08:32:54	205	0	1	0
     4209	2023-01-01 08:32:56	205	0	1	0
      324	2023-01-01 08:33:00	205	0	1	0
      324	2023-01-01 08:33:02	205	0	1	0
    10373	2023-01-01 08:37:47	205	0	1	0
     2668	2023-01-01 08:39:48	205	0	1	0
     2808	2023-01-01 09:19:37	205	0	1	0
     4849	2023-01-01 10:33:24	205	0	1	0
     7284	2023-01-01 12:02:56	205	0	1	0
      315	2023-01-01 12:39:13	205	0	1	0
      315	2023-01-01 12:39:15	205	0	1	0
     9465	2023-01-01 13:09:26	205	0	1	0
     9253	2023-01-01 13:24:23	205	0	1	0
     8399	2023-01-01 15:05:25	205	0	1	0
     8360	2023-01-01 15:05:40	205	0	1	0
     2546	2023-01-01 15:08:18	205	0	1	0
     4477	2023-01-01 15:13:23	205	0	1	0
     4303	2023-01-01 15:21:58	205	0	1	0
     4558	2023-01-01 15:23:48	205	0	1	0
     8257	2023-01-01 15:24:00	205	0	1	0
     9814	2023-01-01 15:52:01	205	0	1	0
    10259	2023-01-01 16:23:09	205	0	1	0
     7284	2023-01-01 17:01:58	205	0	1	0
     4752	2023-01-01 17:05:11	205	0	1	0
     2332	2023-01-01 17:07:52	205	0	1	0
     8377	2023-01-01 17:32:39	205	0	1	0
     5345	2023-01-01 17:41:11	205	0	1	0
     9579	2023-01-01 19:01:12	205	0	1	0
     9579	2023-01-01 19:01:14	205	0	1	0
     8108	2023-01-01 19:02:09	205	0	1	0
     3432	2023-01-01 19:02:55	205	0	1	0
     3432	2023-01-01 19:02:57	205	0	1	0
     3372	2023-01-01 19:06:44	205	0	1	0
     8604	2023-01-01 19:07:10	205	0	1	0
     6707	2023-01-01 19:07:37	205	0	1	0
     6707	2023-01-01 19:07:39	205	0	1	0
     3321	2023-01-01 19:10:28	205	0	1	0
     2345	2023-01-01 19:11:35	205	0	1	0
     9287	2023-01-01 19:11:47	205	0	1	0
     9899	2023-01-01 19:11:59	205	0	1	0
     7362	2023-01-01 19:12:11	205	0	1	0
     7362	2023-01-01 19:12:12	205	0	1	0
     8175	2023-01-01 19:16:49	205	0	1	0
     3619	2023-01-01 19:18:55	205	0	1	0
     3619	2023-01-01 19:18:56	205	0	1	0
     5323	2023-01-01 19:20:26	205	0	1	0
     9989	2023-01-01 19:20:30	205	0	1	0
     9517	2023-01-01 19:21:00	205	0	1	0
     8182	2023-01-01 19:23:10	205	0	1	0
     2390	2023-01-01 19:24:00	205	0	1	0
     8601	2023-01-01 19:24:27	205	0	1	0
     9691	2023-01-01 19:25:29	205	0	1	0
     9691	2023-01-01 19:25:31	205	0	1	0
     4868	2023-01-01 19:32:12	205	0	1	0
     9491	2023-01-01 19:34:28	205	0	1	0
     9908	2023-01-01 19:34:32	205	0	1	0
     2692	2023-01-01 19:44:49	205	0	1	0
     4486	2023-01-01 19:45:58	205	0	1	0
     2208	2023-01-01 19:51:54	205	0	1	0
    10283	2023-01-01 20:04:39	205	0	1	0
    10283	2023-01-01 20:04:42	205	0	1	0
     4980	2023-01-01 20:04:45	205	0	1	0
     2910	2023-01-01 20:05:19	205	0	1	0
     7174	2023-01-01 20:19:51	205	0	1	0
     6969	2023-01-01 23:16:27	205	0	1	0
     2827	2023-01-01 23:21:20	205	0	1	0
    10321	2023-01-02 00:06:48	205	0	1	0
     9784	2023-01-02 00:11:03	205	0	1	0
     4363	2023-01-02 07:04:17	205	0	1	0
     3200	2023-01-02 07:06:35	205	0	1	0
     8163	2023-01-02 07:06:52	205	0	1	0
    10147	2023-01-02 07:07:06	205	0	1	0
     4497	2023-01-02 07:08:40	205	0	1	0
     4482	2023-01-02 07:08:45	205	0	1	0
     4482	2023-01-02 07:08:47	205	0	1	0
     2771	2023-01-02 07:09:16	205	0	1	0
     2771	2023-01-02 07:09:18	205	0	1	0
     5107	2023-01-02 07:11:44	205	0	1	0
     3414	2023-01-02 07:12:02	205	0	1	0
     9692	2023-01-02 07:13:44	205	0	1	0
     9552	2023-01-02 07:25:56	205	0	1	0
     4932	2023-01-02 07:26:20	205	0	1	0
     5340	2023-01-02 07:26:29	205	0	1	0
     4603	2023-01-02 07:26:37	205	0	1	0
     8165	2023-01-02 07:26:40	205	0	1	0
     8165	2023-01-02 07:26:42	205	0	1	0
     2668	2023-01-02 07:32:45	205	0	1	0
    10337	2023-01-02 07:34:27	205	0	1	0
    10337	2023-01-02 07:34:28	205	0	1	0
    10336	2023-01-02 07:34:31	205	0	1	0
     9288	2023-01-02 07:36:28	205	0	1	0
     2808	2023-01-02 07:36:34	205	0	1	0
     5909	2023-01-02 07:37:32	205	0	1	0
     8213	2023-01-02 07:38:24	205	0	1	0
     3431	2023-01-02 07:44:05	205	0	1	0
     3431	2023-01-02 07:44:07	205	0	1	0
     2840	2023-01-02 07:53:42	205	0	1	0
     2858	2023-01-02 07:53:56	205	0	1	0
    10307	2023-01-02 08:09:27	205	0	1	0
    10278	2023-01-02 08:09:34	205	0	1	0
     3761	2023-01-02 08:29:47	205	0	1	0
     6265	2023-01-02 08:55:28	205	0	1	0
     4941	2023-01-02 10:29:12	205	0	1	0
     4561	2023-01-02 12:01:30	205	0	1	0
     9903	2023-01-02 12:04:14	205	0	1	0
     5957	2023-01-02 12:04:17	205	0	1	0
     5957	2023-01-02 12:04:24	205	0	1	0
     9746	2023-01-02 12:04:28	205	0	1	0
     1119	2023-01-02 12:04:34	205	0	1	0
     2071	2023-01-02 12:05:29	205	0	1	0
     2731	2023-01-02 12:07:11	205	0	1	0
     4559	2023-01-02 12:14:21	205	0	1	0
     9899	2023-01-02 12:14:26	205	0	1	0
    10301	2023-01-02 12:14:41	205	0	1	0
     7485	2023-01-02 12:41:29	205	0	1	0
      315	2023-01-02 13:30:52	205	0	1	0
      315	2023-01-02 13:30:53	205	0	1	0
     2546	2023-01-02 15:07:55	205	0	1	0
     4299	2023-01-02 15:12:59	205	0	1	0
     4299	2023-01-02 15:13:01	205	0	1	0
     3303	2023-01-02 15:13:36	205	0	1	0
     3303	2023-01-02 15:13:40	205	0	1	0
     8290	2023-01-02 16:07:25	205	0	1	0
     8257	2023-01-02 17:01:26	205	0	1	0
     2575	2023-01-02 17:01:39	205	0	1	0
     5957	2023-01-02 17:02:12	205	0	1	0
     4559	2023-01-02 17:02:19	205	0	1	0
     9903	2023-01-02 17:02:24	205	0	1	0
     9903	2023-01-02 17:02:27	205	0	1	0
     1119	2023-01-02 17:04:52	205	0	1	0
     4280	2023-01-02 17:05:03	205	0	1	0
     2071	2023-01-02 17:05:10	205	0	1	0
     9909	2023-01-02 17:09:07	205	0	1	0
     9909	2023-01-02 17:09:10	205	0	1	0
     5325	2023-01-02 17:09:17	205	0	1	0
     8377	2023-01-02 17:10:04	205	0	1	0
     9896	2023-01-02 17:10:08	205	0	1	0
    10187	2023-01-02 17:10:13	205	0	1	0
     5841	2023-01-02 17:10:19	205	0	1	0
     5841	2023-01-02 17:10:21	205	0	1	0
     9746	2023-01-02 17:18:03	205	0	1	0
     4561	2023-01-02 17:18:08	205	0	1	0
     2332	2023-01-02 17:18:28	205	0	1	0
     7151	2023-01-02 17:47:47	205	0	1	0
     3234	2023-01-02 18:01:00	205	0	1	0
     2731	2023-01-02 18:03:09	205	0	1	0
     5903	2023-01-02 18:11:40	205	0	1	0
     5271	2023-01-02 18:24:37	205	0	1	0
     5271	2023-01-02 18:24:39	205	0	1	0
      599	2023-01-02 18:53:08	205	0	1	0
    10301	2023-01-02 18:56:57	205	0	1	0
     4920	2023-01-02 19:07:26	205	0	1	0
     9691	2023-01-02 19:08:12	205	0	1	0
     9691	2023-01-02 19:08:15	205	0	1	0
     4868	2023-01-02 19:08:22	205	0	1	0
     1994	2023-01-02 19:09:55	205	0	1	0
     7362	2023-01-02 19:15:10	205	0	1	0
     7362	2023-01-02 19:15:12	205	0	1	0
     9517	2023-01-02 19:16:43	205	0	1	0
     3372	2023-01-02 19:16:46	205	0	1	0
     3619	2023-01-02 19:21:21	205	0	1	0
     3619	2023-01-02 19:21:26	205	0	1	0
     8601	2023-01-02 19:21:29	205	0	1	0
     4506	2023-01-02 19:21:34	205	0	1	0
     4506	2023-01-02 19:21:35	205	0	1	0
     4506	2023-01-02 19:21:37	205	0	1	0
     4495	2023-01-02 19:24:25	205	0	1	0
     4495	2023-01-02 19:24:46	205	0	1	0
     9989	2023-01-02 19:24:55	205	0	1	0
     2345	2023-01-02 19:32:23	205	0	1	0
     2692	2023-01-02 19:36:39	205	0	1	0
     6707	2023-01-02 19:36:43	205	0	1	0
     6707	2023-01-02 19:36:44	205	0	1	0
     2390	2023-01-02 19:38:44	205	0	1	0
     9908	2023-01-02 19:40:37	205	0	1	0
     3432	2023-01-02 19:43:09	205	0	1	0
     3432	2023-01-02 19:43:11	205	0	1	0
     9908	2023-01-02 19:43:36	205	0	1	0
     5323	2023-01-02 19:44:25	205	0	1	0
     7174	2023-01-02 19:45:02	205	0	1	0
     7174	2023-01-02 19:45:05	205	0	1	0
     9491	2023-01-02 19:46:43	205	0	1	0
     8182	2023-01-02 19:49:12	205	0	1	0
     3321	2023-01-02 19:51:31	205	0	1	0
     9287	2023-01-02 20:04:05	205	0	1	0
     4980	2023-01-02 20:35:48	205	0	1	0
    10283	2023-01-02 20:35:55	205	0	1	0
    10283	2023-01-02 20:35:57	205	0	1	0
     2910	2023-01-02 20:36:43	205	0	1	0
     2208	2023-01-02 20:51:27	205	0	1	0
     8399	2023-01-02 23:01:55	205	0	1	0
     8360	2023-01-02 23:08:41	205	0	1	0
     8360	2023-01-02 23:08:42	205	0	1	0
     4558	2023-01-02 23:20:10	205	0	1	0
    10321	2023-01-03 00:09:09	205	0	1	0
     8108	2023-01-03 07:00:29	205	1	1	0
     4303	2023-01-03 07:01:02	205	1	1	0
     4303	2023-01-03 07:01:03	205	1	1	0
     8175	2023-01-03 07:04:57	205	1	1	0
     3200	2023-01-03 07:05:22	205	1	1	0
     8604	2023-01-03 07:09:04	205	1	1	0
     3414	2023-01-03 07:11:14	205	1	1	0
     2485	2023-01-03 07:12:58	205	1	1	0
     2485	2023-01-03 07:12:59	205	1	1	0
     2485	2023-01-03 07:13:01	205	1	1	0
     4497	2023-01-03 07:16:55	205	1	1	0
     4482	2023-01-03 07:16:58	205	1	1	0
     4482	2023-01-03 07:17:00	205	1	1	0
     4603	2023-01-03 07:19:38	205	1	1	0
     8165	2023-01-03 07:19:41	205	1	1	0
     8165	2023-01-03 07:19:42	205	1	1	0
     9288	2023-01-03 07:26:28	205	1	1	0
     2808	2023-01-03 07:26:34	205	1	1	0
     8790	2023-01-03 07:41:46	205	1	1	0
     8790	2023-01-03 07:41:49	205	1	1	0
     2771	2023-01-03 07:50:26	205	1	1	0
     2771	2023-01-03 07:50:28	205	1	1	0
     4363	2023-01-03 07:56:05	205	1	1	0
    10336	2023-01-03 07:58:03	205	1	1	0
     4513	2023-01-03 07:58:43	205	1	1	0
     4513	2023-01-03 07:58:45	205	1	1	0
    10307	2023-01-03 08:05:08	205	1	1	0
    10278	2023-01-03 08:05:18	205	1	1	0
    10337	2023-01-03 08:06:39	205	1	1	0
     8213	2023-01-03 08:06:44	205	1	1	0
     2827	2023-01-03 08:10:32	205	1	1	0
     4932	2023-01-03 08:12:23	205	1	1	0
     2668	2023-01-03 08:13:35	205	1	1	0
     2858	2023-01-03 08:18:41	205	1	1	0
     2840	2023-01-03 08:18:48	205	1	1	0
     3431	2023-01-03 08:22:49	205	1	1	0
     3431	2023-01-03 08:22:51	205	1	1	0
     3431	2023-01-03 08:22:53	205	1	1	0
     3761	2023-01-03 09:31:21	205	1	1	0
     1622	2023-01-03 12:01:06	205	1	1	0
     1119	2023-01-03 12:02:18	205	1	1	0
     9746	2023-01-03 12:04:07	205	1	1	0
     2071	2023-01-03 12:04:21	205	1	1	0
     9903	2023-01-03 12:04:24	205	1	1	0
     9903	2023-01-03 12:04:27	205	1	1	0
     8149	2023-01-03 12:04:33	205	1	1	0
     2731	2023-01-03 12:04:42	205	1	1	0
     5957	2023-01-03 12:05:12	205	1	1	0
     9984	2023-01-03 12:05:17	205	1	1	0
    10095	2023-01-03 12:05:45	205	1	1	0
    10150	2023-01-03 12:05:53	205	1	1	0
    10301	2023-01-03 12:06:17	205	1	1	0
     8347	2023-01-03 12:07:49	205	1	1	0
      217	2023-01-03 12:08:07	205	1	1	0
      417	2023-01-03 12:08:57	205	1	1	0
     4559	2023-01-03 12:09:25	205	1	1	0
     2807	2023-01-03 12:10:29	205	1	1	0
      683	2023-01-03 12:11:18	205	1	1	0
     1292	2023-01-03 12:12:10	205	1	1	0
     5414	2023-01-03 12:12:31	205	1	1	0
      315	2023-01-03 12:13:05	205	1	1	0
      315	2023-01-03 12:13:07	205	1	1	0
     8406	2023-01-03 12:16:08	205	1	1	0
     8406	2023-01-03 12:16:09	205	1	1	0
     4367	2023-01-03 12:24:48	205	1	1	0
     4367	2023-01-03 12:24:51	205	1	1	0
     4479	2023-01-03 12:25:03	205	1	1	0
     2546	2023-01-03 12:45:02	205	1	1	0
     6213	2023-01-03 14:02:58	205	1	1	0
    10251	2023-01-03 14:08:06	205	1	1	0
     3303	2023-01-03 15:02:18	205	1	1	0
     3234	2023-01-03 15:02:24	205	1	1	0
     7151	2023-01-03 15:31:42	205	1	1	0
     6511	2023-01-03 16:02:34	205	1	1	0
     6511	2023-01-03 16:02:42	205	1	1	0
     6062	2023-01-03 16:04:26	205	1	1	0
    10259	2023-01-03 16:13:17	205	1	1	0
    10295	2023-01-03 16:13:20	205	1	1	0
     8290	2023-01-03 16:30:35	205	1	1	0
     5906	2023-01-03 17:00:20	205	1	1	0
     8257	2023-01-03 17:00:25	205	1	1	0
      210	2023-01-03 17:01:04	205	1	1	0
     1622	2023-01-03 17:01:11	205	1	1	0
     2575	2023-01-03 17:01:23	205	1	1	0
     4280	2023-01-03 17:01:30	205	1	1	0
    10095	2023-01-03 17:01:45	205	1	1	0
    10150	2023-01-03 17:01:51	205	1	1	0
     2071	2023-01-03 17:02:43	205	1	1	0
     1119	2023-01-03 17:03:30	205	1	1	0
     3253	2023-01-03 17:05:23	205	1	1	0
     8406	2023-01-03 17:05:40	205	1	1	0
     8406	2023-01-03 17:05:41	205	1	1	0
     2807	2023-01-03 17:05:45	205	1	1	0
      217	2023-01-03 17:05:50	205	1	1	0
     9905	2023-01-03 17:06:38	205	1	1	0
     1356	2023-01-03 17:06:59	205	1	1	0
     5904	2023-01-03 17:07:55	205	1	1	0
      683	2023-01-03 17:08:16	205	1	1	0
     5957	2023-01-03 17:10:38	205	1	1	0
     9903	2023-01-03 17:10:43	205	1	1	0
     1356	2023-01-03 17:10:51	205	1	1	0
     9984	2023-01-03 17:11:31	205	1	1	0
     3194	2023-01-03 17:11:54	205	1	1	0
     1614	2023-01-03 17:12:01	205	1	1	0
     5414	2023-01-03 17:13:03	205	1	1	0
      652	2023-01-03 17:13:49	205	1	1	0
     4559	2023-01-03 17:13:57	205	1	1	0
     5325	2023-01-03 17:14:10	205	1	1	0
     9896	2023-01-03 17:14:28	205	1	1	0
    10187	2023-01-03 17:15:27	205	1	1	0
     8377	2023-01-03 17:15:58	205	1	1	0
    10301	2023-01-03 17:22:00	205	1	1	0
     9909	2023-01-03 17:22:34	205	1	1	0
     9909	2023-01-03 17:22:35	205	1	1	0
     9527	2023-01-03 17:24:37	205	1	1	0
      215	2023-01-03 17:39:29	205	1	1	0
     8149	2023-01-03 17:44:49	205	1	1	0
     2332	2023-01-03 17:47:31	205	1	1	0
     1292	2023-01-03 18:09:05	205	1	1	0
      599	2023-01-03 18:24:39	205	1	1	0
     2731	2023-01-03 18:48:58	205	1	1	0
     8359	2023-01-03 19:03:26	205	1	1	0
     8359	2023-01-03 19:03:28	205	1	1	0
     9637	2023-01-03 19:03:32	205	1	1	0
     9637	2023-01-03 19:03:34	205	1	1	0
     1615	2023-01-03 19:05:52	205	1	1	0
     4310	2023-01-03 19:08:01	205	1	1	0
      417	2023-01-03 19:09:53	205	1	1	0
     8347	2023-01-03 19:09:56	205	1	1	0
     9746	2023-01-03 19:10:03	205	1	1	0
     8717	2023-01-03 19:10:49	205	1	1	0
     9746	2023-01-03 19:11:32	205	1	1	0
      340	2023-01-03 19:13:41	205	1	1	0
     9579	2023-01-03 19:14:16	205	1	1	0
     9579	2023-01-03 19:14:17	205	1	1	0
     6418	2023-01-03 19:14:33	205	1	1	0
     6418	2023-01-03 19:14:35	205	1	1	0
     5271	2023-01-03 19:15:54	205	1	1	0
     5271	2023-01-03 19:15:56	205	1	1	0
     4731	2023-01-03 19:17:08	205	1	1	0
     4731	2023-01-03 19:17:10	205	1	1	0
     5944	2023-01-03 19:17:14	205	1	1	0
     5944	2023-01-03 19:17:16	205	1	1	0
     7617	2023-01-03 19:17:46	205	1	1	0
     8586	2023-01-03 19:18:31	205	1	1	0
     8209	2023-01-03 19:19:35	205	1	1	0
    10326	2023-01-03 19:27:01	205	1	1	0
    10326	2023-01-03 19:27:02	205	1	1	0
     4870	2023-01-03 19:28:47	205	1	1	0
     4870	2023-01-03 19:28:48	205	1	1	0
     4997	2023-01-03 19:29:27	205	1	1	0
     4495	2023-01-03 19:32:35	205	1	1	0
     2345	2023-01-03 19:39:23	205	1	1	0
     9910	2023-01-03 19:42:43	205	1	1	0
     6437	2023-01-03 19:46:05	205	1	1	0
     3750	2023-01-03 19:49:41	205	1	1	0
     3750	2023-01-03 19:49:43	205	1	1	0
     2401	2023-01-03 19:49:49	205	1	1	0
     2401	2023-01-03 19:49:51	205	1	1	0
    10347	2023-01-03 19:50:28	205	1	1	0
     2984	2023-01-03 19:55:16	205	1	1	0
    10283	2023-01-03 20:02:48	205	1	1	0
    10283	2023-01-03 20:02:50	205	1	1	0
    10373	2023-01-03 20:05:03	205	1	1	0
     4783	2023-01-03 20:05:11	205	1	1	0
     4980	2023-01-03 20:20:22	205	1	1	0
     2910	2023-01-03 20:20:25	205	1	1	0
      324	2023-01-03 20:24:27	205	1	1	0
      324	2023-01-03 20:24:28	205	1	1	0
     2675	2023-01-03 20:30:52	205	1	1	0
     4901	2023-01-03 21:04:21	205	1	1	0
     8399	2023-01-03 23:12:23	205	1	1	0
     6969	2023-01-03 23:20:01	205	1	1	0
     4558	2023-01-03 23:21:29	205	1	1	0
    10321	2023-01-04 00:06:21	205	1	1	0
    10293	2023-01-04 00:08:51	205	1	1	0
     4920	2023-01-04 07:05:52	205	1	1	0
     2485	2023-01-04 07:06:09	205	1	1	0
     2485	2023-01-04 07:06:10	205	1	1	0
     9453	2023-01-04 07:11:19	205	1	1	0
     3414	2023-01-04 07:11:43	205	1	1	0
     9904	2023-01-04 07:12:21	205	1	1	0
     1994	2023-01-04 07:13:28	205	1	1	0
     2827	2023-01-04 07:14:37	205	1	1	0
     9556	2023-01-04 07:14:39	205	1	1	0
     4299	2023-01-04 07:15:28	205	1	1	0
     4299	2023-01-04 07:15:30	205	1	1	0
     2750	2023-01-04 07:19:15	205	1	1	0
     2750	2023-01-04 07:19:19	205	1	1	0
     9911	2023-01-04 07:21:31	205	1	1	0
     3619	2023-01-04 07:21:55	205	1	1	0
     3619	2023-01-04 07:21:56	205	1	1	0
     4506	2023-01-04 07:22:01	205	1	1	0
     4506	2023-01-04 07:22:03	205	1	1	0
     4506	2023-01-04 07:22:04	205	1	1	0
     2390	2023-01-04 07:22:40	205	1	1	0
    10182	2023-01-04 07:22:53	205	1	1	0
     8670	2023-01-04 07:23:00	205	1	1	0
     1445	2023-01-04 07:27:49	205	1	1	0
     1298	2023-01-04 07:27:55	205	1	1	0
     1298	2023-01-04 07:27:58	205	1	1	0
     4974	2023-01-04 07:28:35	205	1	1	0
     4719	2023-01-04 07:29:40	205	1	1	0
     9453	2023-01-04 07:30:48	205	1	1	0
     5958	2023-01-04 07:32:43	205	1	1	0
      320	2023-01-04 07:49:46	205	1	1	0
     4098	2023-01-04 07:52:15	205	1	1	0
     8790	2023-01-04 08:02:48	205	1	1	0
     8790	2023-01-04 08:02:49	205	1	1	0
    10208	2023-01-04 08:04:14	205	1	1	0
    10307	2023-01-04 08:04:34	205	1	1	0
    10278	2023-01-04 08:04:41	205	1	1	0
     4219	2023-01-04 08:12:34	205	1	1	0
     2674	2023-01-04 08:14:12	205	1	1	0
     3743	2023-01-04 08:15:26	205	1	1	0
     2669	2023-01-04 09:45:38	205	1	1	0
     2069	2023-01-04 10:11:34	205	1	1	0
     8653	2023-01-04 10:53:06	205	1	1	0
     1292	2023-01-04 11:26:21	205	1	1	0
    10181	2023-01-04 11:27:47	205	1	1	0
    10141	2023-01-04 11:46:22	205	1	1	0
       75	2023-01-04 12:00:03	205	1	1	0
     2071	2023-01-04 12:02:02	205	1	1	0
     9984	2023-01-04 12:02:08	205	1	1	0
    10150	2023-01-04 12:03:43	205	1	1	0
    10095	2023-01-04 12:03:51	205	1	1	0
    10301	2023-01-04 12:04:14	205	1	1	0
     5957	2023-01-04 12:04:29	205	1	1	0
     9903	2023-01-04 12:04:31	205	1	1	0
     4561	2023-01-04 12:04:36	205	1	1	0
      204	2023-01-04 12:04:50	205	1	1	0
     8406	2023-01-04 12:05:17	205	1	1	0
     8406	2023-01-04 12:05:19	205	1	1	0
     9746	2023-01-04 12:06:45	205	1	1	0
     1119	2023-01-04 12:06:50	205	1	1	0
      683	2023-01-04 12:06:52	205	1	1	0
     8347	2023-01-04 12:07:00	205	1	1	0
      417	2023-01-04 12:07:07	205	1	1	0
     7284	2023-01-04 12:09:23	205	1	1	0
      217	2023-01-04 12:10:46	205	1	1	0
     2807	2023-01-04 12:10:48	205	1	1	0
     5414	2023-01-04 12:11:17	205	1	1	0
     1622	2023-01-04 12:11:35	205	1	1	0
      315	2023-01-04 12:25:51	205	1	1	0
      315	2023-01-04 12:25:54	205	1	1	0
     4367	2023-01-04 12:36:48	205	1	1	0
     4367	2023-01-04 12:36:50	205	1	1	0
     6213	2023-01-04 14:07:48	205	1	1	0
     5340	2023-01-04 15:20:19	205	1	1	0
     6511	2023-01-04 15:32:55	205	1	1	0
     6511	2023-01-04 15:33:03	205	1	1	0
     9784	2023-01-04 15:38:03	205	1	1	0
     6062	2023-01-04 16:01:17	205	1	1	0
     7151	2023-01-04 16:07:15	205	1	1	0
    10295	2023-01-04 16:27:16	205	1	1	0
    10259	2023-01-04 16:29:02	205	1	1	0
     3921	2023-01-04 16:50:31	205	1	1	0
     1119	2023-01-04 17:01:40	205	1	1	0
    10095	2023-01-04 17:02:16	205	1	1	0
    10150	2023-01-04 17:02:20	205	1	1	0
     2071	2023-01-04 17:02:44	205	1	1	0
      204	2023-01-04 17:03:11	205	1	1	0
      217	2023-01-04 17:03:18	205	1	1	0
     2807	2023-01-04 17:03:21	205	1	1	0
      210	2023-01-04 17:03:28	205	1	1	0
     1356	2023-01-04 17:03:36	205	1	1	0
     8406	2023-01-04 17:03:43	205	1	1	0
     8406	2023-01-04 17:03:45	205	1	1	0
     8406	2023-01-04 17:03:47	205	1	1	0
       75	2023-01-04 17:03:57	205	1	1	0
     1614	2023-01-04 17:04:19	205	1	1	0
     4559	2023-01-04 17:04:21	205	1	1	0
     9896	2023-01-04 17:04:31	205	1	1	0
     2575	2023-01-04 17:04:36	205	1	1	0
     4280	2023-01-04 17:04:42	205	1	1	0
     1622	2023-01-04 17:04:48	205	1	1	0
     5325	2023-01-04 17:05:08	205	1	1	0
     5904	2023-01-04 17:06:03	205	1	1	0
     7284	2023-01-04 17:06:16	205	1	1	0
     9984	2023-01-04 17:06:47	205	1	1	0
    10301	2023-01-04 17:07:09	205	1	1	0
     5906	2023-01-04 17:07:31	205	1	1	0
     4561	2023-01-04 17:07:39	205	1	1	0
     5957	2023-01-04 17:07:43	205	1	1	0
     9903	2023-01-04 17:07:47	205	1	1	0
     9909	2023-01-04 17:07:50	205	1	1	0
     9909	2023-01-04 17:07:53	205	1	1	0
      202	2023-01-04 17:08:36	205	1	1	0
      683	2023-01-04 17:09:11	205	1	1	0
      652	2023-01-04 17:09:37	205	1	1	0
     8347	2023-01-04 17:09:41	205	1	1	0
      417	2023-01-04 17:09:45	205	1	1	0
     9746	2023-01-04 17:09:49	205	1	1	0
     9905	2023-01-04 17:09:57	205	1	1	0
    10187	2023-01-04 17:10:30	205	1	1	0
     9527	2023-01-04 17:11:02	205	1	1	0
     8377	2023-01-04 17:12:13	205	1	1	0
     5414	2023-01-04 17:24:00	205	1	1	0
     3253	2023-01-04 17:26:26	205	1	1	0
     3194	2023-01-04 17:28:13	205	1	1	0
      215	2023-01-04 17:34:08	205	1	1	0
     2332	2023-01-04 17:34:14	205	1	1	0
      599	2023-01-04 18:07:49	205	1	1	0
     5345	2023-01-04 18:25:12	205	1	1	0
     5271	2023-01-04 18:26:06	205	1	1	0
     5271	2023-01-04 18:26:07	205	1	1	0
     4752	2023-01-04 18:30:26	205	1	1	0
     9637	2023-01-04 19:02:19	205	1	1	0
     9637	2023-01-04 19:02:20	205	1	1	0
     9278	2023-01-04 19:02:43	205	1	1	0
     9579	2023-01-04 19:05:24	205	1	1	0
     9579	2023-01-04 19:05:25	205	1	1	0
     9579	2023-01-04 19:05:27	205	1	1	0
     9579	2023-01-04 19:05:28	205	1	1	0
     4783	2023-01-04 19:07:15	205	1	1	0
     3750	2023-01-04 19:07:19	205	1	1	0
     3750	2023-01-04 19:07:23	205	1	1	0
     5909	2023-01-04 19:08:07	205	1	1	0
     4310	2023-01-04 19:08:51	205	1	1	0
     8163	2023-01-04 19:10:19	205	1	1	0
     5903	2023-01-04 19:10:28	205	1	1	0
     1615	2023-01-04 19:12:11	205	1	1	0
     4209	2023-01-04 19:13:26	205	1	1	0
     4209	2023-01-04 19:13:27	205	1	1	0
      324	2023-01-04 19:13:30	205	1	1	0
      324	2023-01-04 19:13:33	205	1	1	0
     4870	2023-01-04 19:15:06	205	1	1	0
     4870	2023-01-04 19:15:08	205	1	1	0
     5944	2023-01-04 19:19:02	205	1	1	0
     5944	2023-01-04 19:19:05	205	1	1	0
     4731	2023-01-04 19:19:08	205	1	1	0
     4731	2023-01-04 19:19:11	205	1	1	0
     4495	2023-01-04 19:22:14	205	1	1	0
     4495	2023-01-04 19:22:16	205	1	1	0
     8209	2023-01-04 19:22:31	205	1	1	0
     9253	2023-01-04 19:22:50	205	1	1	0
     8586	2023-01-04 19:23:49	205	1	1	0
     4901	2023-01-04 19:24:55	205	1	1	0
     4997	2023-01-04 19:25:20	205	1	1	0
     9910	2023-01-04 19:25:48	205	1	1	0
     5107	2023-01-04 19:28:38	205	1	1	0
     7617	2023-01-04 19:32:46	205	1	1	0
     9552	2023-01-04 19:33:15	205	1	1	0
     6437	2023-01-04 19:46:46	205	1	1	0
     2401	2023-01-04 20:07:35	205	1	1	0
    10291	2023-01-04 20:13:08	205	1	1	0
    10291	2023-01-04 20:13:13	205	1	1	0
    10285	2023-01-04 20:13:18	205	1	1	0
    10285	2023-01-04 20:13:20	205	1	1	0
     2984	2023-01-04 20:15:19	205	1	1	0
    10373	2023-01-04 20:15:41	205	1	1	0
     2675	2023-01-04 20:23:10	205	1	1	0
     8290	2023-01-04 23:06:25	205	1	1	0
     6969	2023-01-04 23:22:08	205	1	1	0
     2528	2023-01-04 23:51:27	205	1	1	0
    10321	2023-01-05 00:09:33	205	1	1	0
    10293	2023-01-05 00:10:16	205	1	1	0
     9471	2023-01-05 05:35:50	205	1	1	0
     8360	2023-01-05 07:04:05	205	1	1	0
     8399	2023-01-05 07:08:40	205	1	1	0
     1298	2023-01-05 07:09:31	205	1	1	0
    10147	2023-01-05 07:10:06	205	1	1	0
    10147	2023-01-05 07:10:09	205	1	1	0
     4303	2023-01-05 07:11:28	205	1	1	0
     4303	2023-01-05 07:11:29	205	1	1	0
     4506	2023-01-05 07:13:44	205	1	1	0
     4506	2023-01-05 07:13:45	205	1	1	0
     4506	2023-01-05 07:13:47	205	1	1	0
    10326	2023-01-05 07:13:52	205	1	1	0
    10326	2023-01-05 07:13:53	205	1	1	0
     4558	2023-01-05 07:14:02	205	1	1	0
     9453	2023-01-05 07:14:08	205	1	1	0
     8532	2023-01-05 07:14:47	205	1	1	0
     8532	2023-01-05 07:14:49	205	1	1	0
     4487	2023-01-05 07:15:17	205	1	1	0
     4487	2023-01-05 07:15:18	205	1	1	0
     9556	2023-01-05 07:20:02	205	1	1	0
     2750	2023-01-05 07:22:08	205	1	1	0
     2750	2023-01-05 07:22:10	205	1	1	0
     9904	2023-01-05 07:22:28	205	1	1	0
      340	2023-01-05 07:23:54	205	1	1	0
     6418	2023-01-05 07:24:23	205	1	1	0
     6418	2023-01-05 07:24:25	205	1	1	0
     6418	2023-01-05 07:24:26	205	1	1	0
     8717	2023-01-05 07:24:46	205	1	1	0
     2669	2023-01-05 07:27:26	205	1	1	0
      320	2023-01-05 07:27:29	205	1	1	0
     9556	2023-01-05 07:28:27	205	1	1	0
     8670	2023-01-05 07:34:59	205	1	1	0
     8670	2023-01-05 07:35:01	205	1	1	0
     4719	2023-01-05 07:38:07	205	1	1	0
     9911	2023-01-05 07:40:01	205	1	1	0
     4098	2023-01-05 07:45:22	205	1	1	0
     8739	2023-01-05 08:12:23	205	1	1	0
     8739	2023-01-05 08:12:24	205	1	1	0
    10208	2023-01-05 08:14:42	205	1	1	0
     4219	2023-01-05 08:23:32	205	1	1	0
      402	2023-01-05 08:32:58	205	1	1	0
    10347	2023-01-05 08:35:32	205	1	1	0
     4902	2023-01-05 08:45:33	205	1	1	0
     6265	2023-01-05 08:53:15	205	1	1	0
     2674	2023-01-05 09:23:15	205	1	1	0
     2951	2023-01-05 09:47:51	205	1	1	0
     8347	2023-01-05 12:00:24	205	1	1	0
      417	2023-01-05 12:00:27	205	1	1	0
     5414	2023-01-05 12:02:40	205	1	1	0
      683	2023-01-05 12:03:03	205	1	1	0
     9984	2023-01-05 12:04:39	205	1	1	0
       75	2023-01-05 12:04:48	205	1	1	0
     2071	2023-01-05 12:05:42	205	1	1	0
    10150	2023-01-05 12:05:54	205	1	1	0
      204	2023-01-05 12:06:06	205	1	1	0
     2731	2023-01-05 12:06:31	205	1	1	0
    10095	2023-01-05 12:06:45	205	1	1	0
     4561	2023-01-05 12:07:01	205	1	1	0
     5957	2023-01-05 12:07:05	205	1	1	0
    10301	2023-01-05 12:07:16	205	1	1	0
     9746	2023-01-05 12:07:34	205	1	1	0
     8149	2023-01-05 12:08:54	205	1	1	0
     9903	2023-01-05 12:09:14	205	1	1	0
     9899	2023-01-05 12:09:40	205	1	1	0
      217	2023-01-05 12:11:17	205	1	1	0
     2807	2023-01-05 12:11:58	205	1	1	0
     7284	2023-01-05 12:12:09	205	1	1	0
     8406	2023-01-05 12:12:40	205	1	1	0
     8406	2023-01-05 12:12:42	205	1	1	0
     1622	2023-01-05 12:16:43	205	1	1	0
     4367	2023-01-05 12:17:16	205	1	1	0
     4367	2023-01-05 12:17:18	205	1	1	0
     2345	2023-01-05 13:04:29	205	1	1	0
     6213	2023-01-05 14:10:29	205	1	1	0
     5340	2023-01-05 15:04:07	205	1	1	0
     7151	2023-01-05 15:05:48	205	1	1	0
     4974	2023-01-05 15:05:51	205	1	1	0
     3234	2023-01-05 15:13:36	205	1	1	0
     4363	2023-01-05 15:38:06	205	1	1	0
     6511	2023-01-05 15:46:45	205	1	1	0
     6511	2023-01-05 15:46:56	205	1	1	0
     6062	2023-01-05 16:07:23	205	1	1	0
    10295	2023-01-05 16:28:30	205	1	1	0
    10259	2023-01-05 16:28:33	205	1	1	0
       75	2023-01-05 17:00:16	205	1	1	0
      202	2023-01-05 17:00:24	205	1	1	0
      204	2023-01-05 17:00:57	205	1	1	0
     5904	2023-01-05 17:01:03	205	1	1	0
     1622	2023-01-05 17:01:09	205	1	1	0
      210	2023-01-05 17:01:16	205	1	1	0
     3194	2023-01-05 17:01:41	205	1	1	0
    10150	2023-01-05 17:03:11	205	1	1	0
    10095	2023-01-05 17:03:14	205	1	1	0
     1356	2023-01-05 17:03:21	205	1	1	0
     9746	2023-01-05 17:03:27	205	1	1	0
     4280	2023-01-05 17:03:33	205	1	1	0
     9903	2023-01-05 17:04:41	205	1	1	0
     1614	2023-01-05 17:05:11	205	1	1	0
     5906	2023-01-05 17:05:42	205	1	1	0
     2071	2023-01-05 17:06:11	205	1	1	0
     9896	2023-01-05 17:06:22	205	1	1	0
      683	2023-01-05 17:07:02	205	1	1	0
     5325	2023-01-05 17:07:27	205	1	1	0
    10187	2023-01-05 17:07:39	205	1	1	0
      417	2023-01-05 17:07:44	205	1	1	0
    10187	2023-01-05 17:07:49	205	1	1	0
     8347	2023-01-05 17:07:56	205	1	1	0
     2807	2023-01-05 17:08:05	205	1	1	0
      652	2023-01-05 17:08:20	205	1	1	0
     9909	2023-01-05 17:08:37	205	1	1	0
     9909	2023-01-05 17:08:39	205	1	1	0
      217	2023-01-05 17:08:43	205	1	1	0
     3253	2023-01-05 17:08:50	205	1	1	0
     4561	2023-01-05 17:10:34	205	1	1	0
     5957	2023-01-05 17:10:37	205	1	1	0
     9984	2023-01-05 17:10:44	205	1	1	0
     9984	2023-01-05 17:10:53	205	1	1	0
     8364	2023-01-05 17:10:57	205	1	1	0
     2575	2023-01-05 17:13:39	205	1	1	0
     8406	2023-01-05 17:15:13	205	1	1	0
     8406	2023-01-05 17:15:15	205	1	1	0
     7284	2023-01-05 17:16:17	205	1	1	0
     2332	2023-01-05 17:21:48	205	1	1	0
     8149	2023-01-05 17:30:49	205	1	1	0
      215	2023-01-05 17:32:42	205	1	1	0
     4752	2023-01-05 17:33:24	205	1	1	0
     5414	2023-01-05 17:36:33	205	1	1	0
     2731	2023-01-05 17:39:00	205	1	1	0
     4559	2023-01-05 17:42:16	205	1	1	0
     5345	2023-01-05 17:56:02	205	1	1	0
     3921	2023-01-05 18:04:05	205	1	1	0
     9905	2023-01-05 18:19:14	205	1	1	0
      599	2023-01-05 18:26:45	205	1	1	0
     4997	2023-01-05 18:40:15	205	1	1	0
     9579	2023-01-05 19:01:13	205	1	1	0
     9579	2023-01-05 19:01:15	205	1	1	0
     9579	2023-01-05 19:01:17	205	1	1	0
     8175	2023-01-05 19:02:56	205	1	1	0
    10301	2023-01-05 19:03:47	205	1	1	0
     8359	2023-01-05 19:06:34	205	1	1	0
     8359	2023-01-05 19:06:36	205	1	1	0
     8604	2023-01-05 19:06:45	205	1	1	0
     4870	2023-01-05 19:06:53	205	1	1	0
     4870	2023-01-05 19:06:54	205	1	1	0
     5903	2023-01-05 19:07:11	205	1	1	0
     9253	2023-01-05 19:10:51	205	1	1	0
     4495	2023-01-05 19:11:01	205	1	1	0
     9253	2023-01-05 19:11:53	205	1	1	0
     5944	2023-01-05 19:16:18	205	1	1	0
     5944	2023-01-05 19:16:20	205	1	1	0
     4731	2023-01-05 19:16:24	205	1	1	0
     4731	2023-01-05 19:16:26	205	1	1	0
     4783	2023-01-05 19:17:21	205	1	1	0
     3750	2023-01-05 19:17:40	205	1	1	0
     3750	2023-01-05 19:17:43	205	1	1	0
     8586	2023-01-05 19:18:15	205	1	1	0
     1615	2023-01-05 19:18:21	205	1	1	0
     4901	2023-01-05 19:18:30	205	1	1	0
     9910	2023-01-05 19:19:15	205	1	1	0
     9552	2023-01-05 19:23:22	205	1	1	0
     4310	2023-01-05 19:24:19	205	1	1	0
     9278	2023-01-05 19:24:35	205	1	1	0
     2984	2023-01-05 19:24:42	205	1	1	0
     8209	2023-01-05 19:26:12	205	1	1	0
     4486	2023-01-05 19:40:36	205	1	1	0
     4486	2023-01-05 19:40:38	205	1	1	0
     6437	2023-01-05 19:45:05	205	1	1	0
     2401	2023-01-05 19:53:52	205	1	1	0
     2401	2023-01-05 19:53:54	205	1	1	0
    10291	2023-01-05 20:04:04	205	1	1	0
    10291	2023-01-05 20:04:09	205	1	1	0
    10373	2023-01-05 20:20:03	205	1	1	0
     2675	2023-01-05 20:29:55	205	1	1	0
    10285	2023-01-05 20:54:30	205	1	1	0
    10285	2023-01-05 20:54:31	205	1	1	0
      324	2023-01-05 21:00:13	205	1	1	0
      324	2023-01-05 21:00:14	205	1	1	0
     2528	2023-01-05 23:01:20	205	1	1	0
     8290	2023-01-05 23:07:15	205	1	1	0
     9692	2023-01-05 23:13:18	205	1	1	0
     4299	2023-01-05 23:46:36	205	1	1	0
     4299	2023-01-05 23:46:39	205	1	1	0
     4299	2023-01-05 23:46:41	205	1	1	0
    10321	2023-01-06 00:04:15	205	1	1	0
    10293	2023-01-06 00:12:01	205	1	1	0
     8163	2023-01-06 07:03:40	205	1	1	0
     8399	2023-01-06 07:05:31	205	1	1	0
     2750	2023-01-06 07:07:41	205	1	1	0
     2750	2023-01-06 07:07:43	205	1	1	0
     9453	2023-01-06 07:07:47	205	1	1	0
     9904	2023-01-06 07:10:34	205	1	1	0
     1298	2023-01-06 07:12:28	205	1	1	0
     1445	2023-01-06 07:13:09	205	1	1	0
     4558	2023-01-06 07:13:30	205	1	1	0
     9911	2023-01-06 07:14:23	205	1	1	0
     2485	2023-01-06 07:17:37	205	1	1	0
     4209	2023-01-06 07:17:50	205	1	1	0
     4209	2023-01-06 07:17:52	205	1	1	0
    10326	2023-01-06 07:17:55	205	1	1	0
    10326	2023-01-06 07:17:56	205	1	1	0
     8360	2023-01-06 07:20:17	205	1	1	0
     4098	2023-01-06 07:20:59	205	1	1	0
     5107	2023-01-06 07:21:52	205	1	1	0
     5909	2023-01-06 07:28:34	205	1	1	0
     8670	2023-01-06 07:36:24	205	1	1	0
     8670	2023-01-06 07:36:26	205	1	1	0
     9556	2023-01-06 07:39:59	205	1	1	0
     4719	2023-01-06 07:42:17	205	1	1	0
     4219	2023-01-06 07:47:53	205	1	1	0
     2669	2023-01-06 07:47:57	205	1	1	0
     5199	2023-01-06 07:56:05	205	1	1	0
    10208	2023-01-06 07:56:33	205	1	1	0
     9784	2023-01-06 07:56:39	205	1	1	0
     4487	2023-01-06 07:57:42	205	1	1	0
     4487	2023-01-06 07:57:45	205	1	1	0
     4487	2023-01-06 07:57:46	205	1	1	0
    10347	2023-01-06 08:03:46	205	1	1	0
     8739	2023-01-06 08:08:38	205	1	1	0
     8739	2023-01-06 08:08:44	205	1	1	0
      320	2023-01-06 08:23:40	205	1	1	0
     4902	2023-01-06 08:25:17	205	1	1	0
     2674	2023-01-06 08:57:59	205	1	1	0
     8121	2023-01-06 09:53:35	205	1	1	0
     9762	2023-01-06 10:17:03	205	1	1	0
     7284	2023-01-06 12:01:01	205	1	1	0
    10095	2023-01-06 12:01:27	205	1	1	0
     2731	2023-01-06 12:02:55	205	1	1	0
     2071	2023-01-06 12:03:05	205	1	1	0
     1622	2023-01-06 12:03:27	205	1	1	0
     5414	2023-01-06 12:03:35	205	1	1	0
     9903	2023-01-06 12:03:56	205	1	1	0
     5957	2023-01-06 12:04:12	205	1	1	0
    10301	2023-01-06 12:04:22	205	1	1	0
     9984	2023-01-06 12:04:28	205	1	1	0
    10150	2023-01-06 12:04:59	205	1	1	0
     8364	2023-01-06 12:06:51	205	1	1	0
     4561	2023-01-06 12:06:56	205	1	1	0
      204	2023-01-06 12:07:04	205	1	1	0
     9746	2023-01-06 12:08:14	205	1	1	0
     8149	2023-01-06 12:08:41	205	1	1	0
     1119	2023-01-06 12:09:28	205	1	1	0
     8406	2023-01-06 12:09:41	205	1	1	0
     8406	2023-01-06 12:09:42	205	1	1	0
      417	2023-01-06 12:10:29	205	1	1	0
     8347	2023-01-06 12:10:31	205	1	1	0
      683	2023-01-06 12:11:20	205	1	1	0
     1292	2023-01-06 12:14:05	205	1	1	0
     2807	2023-01-06 12:17:20	205	1	1	0
      217	2023-01-06 12:18:59	205	1	1	0
     4367	2023-01-06 12:36:00	205	1	1	0
     4367	2023-01-06 12:36:03	205	1	1	0
     9899	2023-01-06 12:38:50	205	1	1	0
     3234	2023-01-06 15:01:11	205	1	1	0
     3234	2023-01-06 15:01:13	205	1	1	0
     6511	2023-01-06 15:04:46	205	1	1	0
     4363	2023-01-06 15:04:52	205	1	1	0
     2827	2023-01-06 15:15:57	205	1	1	0
     7151	2023-01-06 15:16:34	205	1	1	0
     2546	2023-01-06 15:19:46	205	1	1	0
     4974	2023-01-06 15:34:23	205	1	1	0
     3921	2023-01-06 16:07:14	205	1	1	0
    10295	2023-01-06 16:20:07	205	1	1	0
     1356	2023-01-06 17:01:23	205	1	1	0
      210	2023-01-06 17:01:27	205	1	1	0
     1622	2023-01-06 17:01:32	205	1	1	0
     7284	2023-01-06 17:01:38	205	1	1	0
      204	2023-01-06 17:01:57	205	1	1	0
    10150	2023-01-06 17:02:05	205	1	1	0
     1614	2023-01-06 17:02:10	205	1	1	0
    10095	2023-01-06 17:02:16	205	1	1	0
      683	2023-01-06 17:02:26	205	1	1	0
      202	2023-01-06 17:02:43	205	1	1	0
     5414	2023-01-06 17:03:15	205	1	1	0
     4280	2023-01-06 17:03:24	205	1	1	0
     5325	2023-01-06 17:03:33	205	1	1	0
      599	2023-01-06 17:03:38	205	1	1	0
     3194	2023-01-06 17:03:45	205	1	1	0
     2071	2023-01-06 17:06:12	205	1	1	0
     5906	2023-01-06 17:07:05	205	1	1	0
     2575	2023-01-06 17:07:17	205	1	1	0
     9746	2023-01-06 17:07:24	205	1	1	0
      223	2023-01-06 17:07:36	205	1	1	0
      223	2023-01-06 17:07:39	205	1	1	0
     2807	2023-01-06 17:07:45	205	1	1	0
     5904	2023-01-06 17:08:35	205	1	1	0
     1292	2023-01-06 17:09:09	205	1	1	0
     9984	2023-01-06 17:09:17	205	1	1	0
      217	2023-01-06 17:09:58	205	1	1	0
     3253	2023-01-06 17:10:28	205	1	1	0
     1119	2023-01-06 17:10:57	205	1	1	0
     9896	2023-01-06 17:11:03	205	1	1	0
     4559	2023-01-06 17:11:17	205	1	1	0
    10301	2023-01-06 17:11:54	205	1	1	0
      417	2023-01-06 17:12:39	205	1	1	0
     8347	2023-01-06 17:12:41	205	1	1	0
     9905	2023-01-06 17:15:04	205	1	1	0
     2731	2023-01-06 17:15:34	205	1	1	0
    10187	2023-01-06 17:19:34	205	1	1	0
      215	2023-01-06 17:20:29	205	1	1	0
     9527	2023-01-06 17:23:09	205	1	1	0
     2332	2023-01-06 17:23:43	205	1	1	0
      652	2023-01-06 17:26:01	205	1	1	0
     9909	2023-01-06 17:28:42	205	1	1	0
     9909	2023-01-06 17:28:43	205	1	1	0
     4561	2023-01-06 17:29:43	205	1	1	0
     5957	2023-01-06 17:35:31	205	1	1	0
     8364	2023-01-06 17:35:37	205	1	1	0
     9903	2023-01-06 17:35:40	205	1	1	0
     8149	2023-01-06 17:36:36	205	1	1	0
     4752	2023-01-06 17:59:51	205	1	1	0
     5345	2023-01-06 18:12:46	205	1	1	0
     5271	2023-01-06 18:29:40	205	1	1	0
     5271	2023-01-06 18:29:42	205	1	1	0
     5841	2023-01-06 18:52:23	205	1	1	0
     5841	2023-01-06 18:52:24	205	1	1	0
     5958	2023-01-06 18:58:28	205	1	1	0
     2771	2023-01-06 19:01:18	205	1	1	0
     4497	2023-01-06 19:01:23	205	1	1	0
     4482	2023-01-06 19:01:27	205	1	1	0
     4482	2023-01-06 19:01:28	205	1	1	0
     4920	2023-01-06 19:01:32	205	1	1	0
     1994	2023-01-06 19:06:46	205	1	1	0
     4513	2023-01-06 19:07:56	205	1	1	0
     4513	2023-01-06 19:07:59	205	1	1	0
     2808	2023-01-06 19:09:38	205	1	1	0
     9288	2023-01-06 19:10:13	205	1	1	0
     8359	2023-01-06 19:11:08	205	1	1	0
     8359	2023-01-06 19:11:09	205	1	1	0
     3432	2023-01-06 19:11:16	205	1	1	0
     3200	2023-01-06 19:18:51	205	1	1	0
     4868	2023-01-06 19:19:08	205	1	1	0
     4603	2023-01-06 19:19:58	205	1	1	0
     8165	2023-01-06 19:20:07	205	1	1	0
     7362	2023-01-06 19:21:32	205	1	1	0
     7362	2023-01-06 19:21:34	205	1	1	0
     9253	2023-01-06 19:22:05	205	1	1	0
     4932	2023-01-06 19:29:53	205	1	1	0
     2345	2023-01-06 19:33:10	205	1	1	0
     8790	2023-01-06 19:35:20	205	1	1	0
     8790	2023-01-06 19:35:21	205	1	1	0
     2208	2023-01-06 19:47:07	205	1	1	0
     3761	2023-01-06 19:53:01	205	1	1	0
    10291	2023-01-06 20:04:34	205	1	1	0
    10291	2023-01-06 20:04:40	205	1	1	0
    10285	2023-01-06 20:04:47	205	1	1	0
    10285	2023-01-06 20:04:49	205	1	1	0
     2858	2023-01-06 20:09:21	205	1	1	0
     5323	2023-01-06 20:12:32	205	1	1	0
    10337	2023-01-06 20:55:39	205	1	1	0
     8213	2023-01-06 20:55:43	205	1	1	0
     2668	2023-01-06 20:55:46	205	1	1	0
     2528	2023-01-06 23:02:42	205	1	1	0
     9692	2023-01-06 23:03:29	205	1	1	0
     8290	2023-01-06 23:06:39	205	1	1	0
     6969	2023-01-06 23:12:33	205	1	1	0
     5340	2023-01-06 23:18:58	205	1	1	0
    10293	2023-01-07 00:16:02	205	1	1	0
     2485	2023-01-07 07:10:03	205	1	1	0
     2485	2023-01-07 07:10:05	205	1	1	0
     8108	2023-01-07 07:10:59	205	1	1	0
     8717	2023-01-07 07:12:10	205	1	1	0
     4299	2023-01-07 07:12:27	205	1	1	0
     4299	2023-01-07 07:12:29	205	1	1	0
     3414	2023-01-07 07:13:26	205	1	1	0
     8175	2023-01-07 07:15:46	205	1	1	0
     9784	2023-01-07 07:18:30	205	1	1	0
     8182	2023-01-07 07:22:08	205	1	1	0
     8290	2023-01-07 07:22:13	205	1	1	0
     8182	2023-01-07 07:22:16	205	1	1	0
     6707	2023-01-07 07:22:54	205	1	1	0
     6707	2023-01-07 07:23:00	205	1	1	0
     9287	2023-01-07 07:24:14	205	1	1	0
     9691	2023-01-07 07:24:17	205	1	1	0
     9691	2023-01-07 07:24:19	205	1	1	0
     2390	2023-01-07 07:24:26	205	1	1	0
     8601	2023-01-07 07:24:34	205	1	1	0
     2840	2023-01-07 07:24:36	205	1	1	0
     3321	2023-01-07 07:25:01	205	1	1	0
     3431	2023-01-07 07:32:15	205	1	1	0
     3431	2023-01-07 07:32:17	205	1	1	0
     9517	2023-01-07 07:34:57	205	1	1	0
     4209	2023-01-07 07:37:20	205	1	1	0
     4209	2023-01-07 07:37:22	205	1	1	0
     7174	2023-01-07 08:06:04	205	1	1	0
    10336	2023-01-07 08:09:29	205	1	1	0
     9989	2023-01-07 08:11:38	205	1	1	0
     9872	2023-01-07 08:12:31	205	1	1	0
     9872	2023-01-07 08:12:34	205	1	1	0
     9908	2023-01-07 08:39:17	205	1	1	0
     9908	2023-01-07 08:39:19	205	1	1	0
     9491	2023-01-07 08:39:53	205	1	1	0
     8739	2023-01-07 08:43:29	205	1	1	0
     8739	2023-01-07 08:43:31	205	1	1	0
     3372	2023-01-07 09:31:34	205	1	1	0
     2692	2023-01-07 09:31:39	205	1	1	0
     1524	2023-01-07 09:57:57	205	1	1	0
     4486	2023-01-07 10:05:17	205	1	1	0
     4486	2023-01-07 10:05:19	205	1	1	0
     9464	2023-01-07 10:54:07	205	1	1	0
     8257	2023-01-07 12:02:38	205	1	1	0
     7284	2023-01-07 12:13:58	205	1	1	0
      211	2023-01-07 12:31:59	205	1	1	0
     4367	2023-01-07 13:25:56	205	1	1	0
     4367	2023-01-07 13:25:58	205	1	1	0
     4367	2023-01-07 13:26:00	205	1	1	0
      315	2023-01-07 13:28:18	205	1	1	0
      315	2023-01-07 13:28:19	205	1	1	0
     9899	2023-01-07 14:15:42	205	1	1	0
     8399	2023-01-07 15:01:05	205	1	1	0
     3234	2023-01-07 15:01:10	205	1	1	0
     4363	2023-01-07 15:08:16	205	1	1	0
     2827	2023-01-07 15:18:04	205	1	1	0
     2546	2023-01-07 15:18:27	205	1	1	0
    10295	2023-01-07 16:23:33	205	1	1	0
     5841	2023-01-07 17:02:28	205	1	1	0
     5841	2023-01-07 17:02:30	205	1	1	0
     7284	2023-01-07 17:07:58	205	1	1	0
     8377	2023-01-07 17:14:13	205	1	1	0
     8377	2023-01-07 17:14:37	205	1	1	0
     5906	2023-01-07 17:20:29	205	1	1	0
      184	2023-01-07 17:38:04	205	1	1	0
     7362	2023-01-07 17:51:27	205	1	1	0
     7362	2023-01-07 17:51:29	205	1	1	0
     4752	2023-01-07 18:03:15	205	1	1	0
     5345	2023-01-07 18:14:38	205	1	1	0
     6418	2023-01-07 19:01:11	205	1	1	0
     9637	2023-01-07 19:01:16	205	1	1	0
     9637	2023-01-07 19:01:17	205	1	1	0
     8604	2023-01-07 19:01:23	205	1	1	0
     9579	2023-01-07 19:01:29	205	1	1	0
     9579	2023-01-07 19:01:36	205	1	1	0
     4497	2023-01-07 19:05:09	205	1	1	0
     4482	2023-01-07 19:05:13	205	1	1	0
     4482	2023-01-07 19:05:14	205	1	1	0
     2771	2023-01-07 19:05:19	205	1	1	0
     2771	2023-01-07 19:05:21	205	1	1	0
     3200	2023-01-07 19:06:40	205	1	1	0
     4868	2023-01-07 19:07:21	205	1	1	0
     4513	2023-01-07 19:09:42	205	1	1	0
     4513	2023-01-07 19:09:44	205	1	1	0
     3619	2023-01-07 19:11:26	205	1	1	0
     3619	2023-01-07 19:11:29	205	1	1	0
     8165	2023-01-07 19:11:32	205	1	1	0
     8165	2023-01-07 19:11:34	205	1	1	0
     4495	2023-01-07 19:17:22	205	1	1	0
     4495	2023-01-07 19:17:26	205	1	1	0
     9253	2023-01-07 19:17:47	205	1	1	0
     4932	2023-01-07 19:17:56	205	1	1	0
     4932	2023-01-07 19:17:57	205	1	1	0
     9288	2023-01-07 19:17:59	205	1	1	0
     8790	2023-01-07 19:19:34	205	1	1	0
     8790	2023-01-07 19:19:36	205	1	1	0
     2808	2023-01-07 19:20:50	205	1	1	0
      340	2023-01-07 19:25:04	205	1	1	0
     5323	2023-01-07 19:27:36	205	1	1	0
     2208	2023-01-07 19:40:41	205	1	1	0
     2858	2023-01-07 19:47:46	205	1	1	0
    10337	2023-01-07 19:55:49	205	1	1	0
     2668	2023-01-07 19:55:54	205	1	1	0
     8213	2023-01-07 19:55:57	205	1	1	0
     8213	2023-01-07 19:56:00	205	1	1	0
    10291	2023-01-07 20:12:08	205	1	1	0
    10285	2023-01-07 20:12:16	205	1	1	0
    10285	2023-01-07 20:12:18	205	1	1	0
     3761	2023-01-07 20:12:28	205	1	1	0
     5340	2023-01-07 23:06:40	205	1	1	0
     4974	2023-01-07 23:07:46	205	1	1	0
     6969	2023-01-07 23:08:37	205	1	1	0
     3414	2023-01-07 23:51:15	205	1	1	0
    10293	2023-01-08 00:13:02	205	1	1	0
     2528	2023-01-08 07:05:09	205	1	1	0
     4920	2023-01-08 07:06:28	205	1	1	0
    10147	2023-01-08 07:09:12	205	1	1	0
    10147	2023-01-08 07:09:15	205	1	1	0
     1994	2023-01-08 07:11:44	205	1	1	0
     6707	2023-01-08 07:18:42	205	1	1	0
     6707	2023-01-08 07:18:44	205	1	1	0
     3321	2023-01-08 07:21:42	205	1	1	0
     3372	2023-01-08 07:22:44	205	1	1	0
     9287	2023-01-08 07:24:33	205	1	1	0
     2390	2023-01-08 07:26:20	205	1	1	0
     8290	2023-01-08 07:26:23	205	1	1	0
     9691	2023-01-08 07:26:40	205	1	1	0
     9691	2023-01-08 07:26:46	205	1	1	0
     8182	2023-01-08 07:35:18	205	1	1	0
     3431	2023-01-08 07:35:26	205	1	1	0
     3431	2023-01-08 07:35:29	205	1	1	0
     9784	2023-01-08 07:35:35	205	1	1	0
     9784	2023-01-08 07:35:40	205	1	1	0
     4603	2023-01-08 07:36:32	205	1	1	0
     4299	2023-01-08 07:48:02	205	1	1	0
     4299	2023-01-08 07:48:04	205	1	1	0
     4299	2023-01-08 07:48:06	205	1	1	0
     2692	2023-01-08 07:57:30	205	1	1	0
     5958	2023-01-08 08:05:44	205	1	1	0
     8739	2023-01-08 08:05:59	205	1	1	0
     8601	2023-01-08 08:08:39	205	1	1	0
     2840	2023-01-08 08:08:43	205	1	1	0
     4486	2023-01-08 08:09:27	205	1	1	0
     4486	2023-01-08 08:09:29	205	1	1	0
     7174	2023-01-08 08:11:45	205	1	1	0
     7174	2023-01-08 08:11:46	205	1	1	0
    10336	2023-01-08 08:11:50	205	1	1	0
     9989	2023-01-08 08:44:14	205	1	1	0
     9491	2023-01-08 08:44:18	205	1	1	0
     9908	2023-01-08 08:48:49	205	1	1	0
    10141	2023-01-08 09:08:26	205	1	1	0
    10181	2023-01-08 09:29:27	205	1	1	0
     4849	2023-01-08 09:57:14	205	1	1	0
     9814	2023-01-08 10:22:04	205	1	1	0
     4477	2023-01-08 11:53:15	205	1	1	0
     7284	2023-01-08 12:01:03	205	1	1	0
     9465	2023-01-08 12:13:53	205	1	1	0
     9899	2023-01-08 12:26:55	205	1	1	0
      315	2023-01-08 12:33:44	205	1	1	0
      315	2023-01-08 12:33:46	205	1	1	0
     8360	2023-01-08 15:06:33	205	1	1	0
     8399	2023-01-08 15:07:39	205	1	1	0
     4558	2023-01-08 15:10:26	205	1	1	0
     2546	2023-01-08 15:17:57	205	1	1	0
     4303	2023-01-08 15:18:34	205	1	1	0
     6062	2023-01-08 16:22:14	205	1	1	0
    10259	2023-01-08 16:29:15	205	1	1	0
     5906	2023-01-08 17:08:14	205	1	1	0
     8377	2023-01-08 17:09:49	205	1	1	0
     4752	2023-01-08 17:47:59	205	1	1	0
     5345	2023-01-08 18:16:41	205	1	1	0
     5841	2023-01-08 18:46:44	205	1	1	0
     5841	2023-01-08 18:46:46	205	1	1	0
     9637	2023-01-08 19:01:25	205	1	1	0
     9637	2023-01-08 19:01:27	205	1	1	0
     8163	2023-01-08 19:07:16	205	1	1	0
     5107	2023-01-08 19:08:03	205	1	1	0
     7617	2023-01-08 19:08:34	205	1	1	0
     3619	2023-01-08 19:08:45	205	1	1	0
     3619	2023-01-08 19:08:50	205	1	1	0
     4506	2023-01-08 19:09:23	205	1	1	0
     4506	2023-01-08 19:09:24	205	1	1	0
     4506	2023-01-08 19:09:26	205	1	1	0
     3200	2023-01-08 19:10:07	205	1	1	0
     7362	2023-01-08 19:11:16	205	1	1	0
     7362	2023-01-08 19:11:18	205	1	1	0
     4868	2023-01-08 19:13:03	205	1	1	0
     1615	2023-01-08 19:13:08	205	1	1	0
     4513	2023-01-08 19:14:05	205	1	1	0
     4513	2023-01-08 19:14:07	205	1	1	0
     4513	2023-01-08 19:14:09	205	1	1	0
     2808	2023-01-08 19:14:11	205	1	1	0
     2750	2023-01-08 19:15:31	205	1	1	0
     2750	2023-01-08 19:15:33	205	1	1	0
     4482	2023-01-08 19:15:36	205	1	1	0
     4482	2023-01-08 19:15:39	205	1	1	0
     4497	2023-01-08 19:15:40	205	1	1	0
     4497	2023-01-08 19:15:42	205	1	1	0
     5909	2023-01-08 19:16:54	205	1	1	0
     4495	2023-01-08 19:23:15	205	1	1	0
     9253	2023-01-08 19:24:07	205	1	1	0
     3761	2023-01-08 19:25:44	205	1	1	0
     2208	2023-01-08 19:31:11	205	1	1	0
     8790	2023-01-08 19:33:05	205	1	1	0
     8790	2023-01-08 19:33:07	205	1	1	0
     9288	2023-01-08 19:44:52	205	1	1	0
     2858	2023-01-08 20:03:22	205	1	1	0
    10307	2023-01-08 20:07:23	205	1	1	0
    10278	2023-01-08 20:07:37	205	1	1	0
     2668	2023-01-08 20:53:45	205	1	1	0
     8213	2023-01-08 20:53:48	205	1	1	0
    10337	2023-01-08 20:53:55	205	1	1	0
     2827	2023-01-08 23:05:46	205	1	1	0
     4974	2023-01-08 23:11:05	205	1	1	0
     3414	2023-01-08 23:17:25	205	1	1	0
     6969	2023-01-08 23:21:12	205	1	1	0
     6418	2023-01-09 07:06:45	205	1	1	0
    10147	2023-01-09 07:07:58	205	1	1	0
    10147	2023-01-09 07:08:00	205	1	1	0
     4363	2023-01-09 07:08:39	205	1	1	0
     2528	2023-01-09 07:08:59	205	1	1	0
     9691	2023-01-09 07:12:46	205	1	1	0
     9691	2023-01-09 07:12:48	205	1	1	0
     2840	2023-01-09 07:14:35	205	1	1	0
     5340	2023-01-09 07:15:24	205	1	1	0
     4603	2023-01-09 07:15:41	205	1	1	0
     8165	2023-01-09 07:15:44	205	1	1	0
     8717	2023-01-09 07:16:34	205	1	1	0
     3321	2023-01-09 07:20:04	205	1	1	0
     2390	2023-01-09 07:21:27	205	1	1	0
     9692	2023-01-09 07:21:49	205	1	1	0
     3750	2023-01-09 07:21:55	205	1	1	0
     3750	2023-01-09 07:22:02	205	1	1	0
     3372	2023-01-09 07:27:26	205	1	1	0
     9517	2023-01-09 07:27:29	205	1	1	0
     9517	2023-01-09 07:27:31	205	1	1	0
     9989	2023-01-09 07:27:57	205	1	1	0
      340	2023-01-09 07:28:56	205	1	1	0
     8182	2023-01-09 07:29:11	205	1	1	0
     6707	2023-01-09 07:31:59	205	1	1	0
     6707	2023-01-09 07:32:00	205	1	1	0
     9287	2023-01-09 07:42:19	205	1	1	0
     3431	2023-01-09 07:48:43	205	1	1	0
     3431	2023-01-09 07:48:45	205	1	1	0
     2692	2023-01-09 07:53:36	205	1	1	0
    10283	2023-01-09 08:08:14	205	1	1	0
    10283	2023-01-09 08:08:16	205	1	1	0
     4980	2023-01-09 08:08:34	205	1	1	0
    10336	2023-01-09 08:32:31	205	1	1	0
     7174	2023-01-09 08:32:34	205	1	1	0
     9491	2023-01-09 08:45:53	205	1	1	0
     9491	2023-01-09 08:45:54	205	1	1	0
     9908	2023-01-09 08:46:21	205	1	1	0
     6265	2023-01-09 08:57:44	205	1	1	0
     4941	2023-01-09 09:40:48	205	1	1	0
     2910	2023-01-09 11:55:18	205	1	1	0
     1292	2023-01-09 12:01:40	205	1	1	0
     5414	2023-01-09 12:03:11	205	1	1	0
     4561	2023-01-09 12:03:35	205	1	1	0
    10150	2023-01-09 12:03:42	205	1	1	0
     9984	2023-01-09 12:03:56	205	1	1	0
     2731	2023-01-09 12:04:15	205	1	1	0
    10095	2023-01-09 12:05:36	205	1	1	0
     8347	2023-01-09 12:06:06	205	1	1	0
     5957	2023-01-09 12:06:37	205	1	1	0
      683	2023-01-09 12:06:50	205	1	1	0
      417	2023-01-09 12:06:53	205	1	1	0
     8149	2023-01-09 12:07:39	205	1	1	0
    10301	2023-01-09 12:08:13	205	1	1	0
     1622	2023-01-09 12:08:25	205	1	1	0
      204	2023-01-09 12:10:39	205	1	1	0
     1119	2023-01-09 12:10:49	205	1	1	0
     8406	2023-01-09 12:10:55	205	1	1	0
     8406	2023-01-09 12:10:57	205	1	1	0
     9903	2023-01-09 12:11:55	205	1	1	0
     8364	2023-01-09 12:11:57	205	1	1	0
      217	2023-01-09 12:13:28	205	1	1	0
     2807	2023-01-09 12:13:32	205	1	1	0
     7485	2023-01-09 13:09:10	205	1	1	0
     9899	2023-01-09 14:13:08	205	1	1	0
     2345	2023-01-09 14:13:12	205	1	1	0
     4367	2023-01-09 14:14:34	205	1	1	0
     4367	2023-01-09 14:14:37	205	1	1	0
     6213	2023-01-09 14:35:53	205	1	1	0
     4558	2023-01-09 15:08:52	205	1	1	0
     3234	2023-01-09 15:10:25	205	1	1	0
     3303	2023-01-09 15:35:20	205	1	1	0
     6511	2023-01-09 15:42:23	205	1	1	0
     6511	2023-01-09 15:42:29	205	1	1	0
     2546	2023-01-09 15:50:17	205	1	1	0
    10259	2023-01-09 16:08:43	205	1	1	0
     6062	2023-01-09 16:09:05	205	1	1	0
     4280	2023-01-09 17:00:36	205	1	1	0
     2575	2023-01-09 17:00:41	205	1	1	0
     5904	2023-01-09 17:03:12	205	1	1	0
    10095	2023-01-09 17:03:49	205	1	1	0
      210	2023-01-09 17:04:01	205	1	1	0
     3253	2023-01-09 17:04:18	205	1	1	0
    10150	2023-01-09 17:04:21	205	1	1	0
     1622	2023-01-09 17:05:27	205	1	1	0
      223	2023-01-09 17:05:53	205	1	1	0
      223	2023-01-09 17:05:57	205	1	1	0
     1614	2023-01-09 17:06:45	205	1	1	0
     1356	2023-01-09 17:06:51	205	1	1	0
     3194	2023-01-09 17:06:57	205	1	1	0
     5325	2023-01-09 17:07:18	205	1	1	0
     9896	2023-01-09 17:09:31	205	1	1	0
     1119	2023-01-09 17:09:40	205	1	1	0
     5906	2023-01-09 17:10:29	205	1	1	0
      204	2023-01-09 17:10:49	205	1	1	0
      417	2023-01-09 17:10:53	205	1	1	0
     8347	2023-01-09 17:11:03	205	1	1	0
     4559	2023-01-09 17:11:20	205	1	1	0
     8377	2023-01-09 17:11:23	205	1	1	0
    10187	2023-01-09 17:11:28	205	1	1	0
      652	2023-01-09 17:11:47	205	1	1	0
     2807	2023-01-09 17:12:03	205	1	1	0
      683	2023-01-09 17:12:21	205	1	1	0
     9984	2023-01-09 17:12:42	205	1	1	0
     4561	2023-01-09 17:13:10	205	1	1	0
     9527	2023-01-09 17:14:27	205	1	1	0
     5414	2023-01-09 17:15:36	205	1	1	0
      217	2023-01-09 17:17:59	205	1	1	0
     9909	2023-01-09 17:19:43	205	1	1	0
     9909	2023-01-09 17:19:44	205	1	1	0
     8149	2023-01-09 17:26:19	205	1	1	0
     9903	2023-01-09 17:28:15	205	1	1	0
     5957	2023-01-09 17:28:18	205	1	1	0
     8364	2023-01-09 17:28:22	205	1	1	0
     9905	2023-01-09 17:29:56	205	1	1	0
     8406	2023-01-09 17:30:22	205	1	1	0
     8406	2023-01-09 17:30:23	205	1	1	0
     8406	2023-01-09 17:32:59	205	1	1	0
      215	2023-01-09 17:34:17	205	1	1	0
      215	2023-01-09 17:34:30	205	1	1	0
     2332	2023-01-09 17:50:33	205	1	1	0
      202	2023-01-09 17:56:12	205	1	1	0
      599	2023-01-09 18:19:38	205	1	1	0
     8604	2023-01-09 19:02:07	205	1	1	0
     9579	2023-01-09 19:02:15	205	1	1	0
     9579	2023-01-09 19:02:17	205	1	1	0
     8108	2023-01-09 19:02:21	205	1	1	0
     7151	2023-01-09 19:04:14	205	1	1	0
     5271	2023-01-09 19:04:27	205	1	1	0
     5271	2023-01-09 19:04:29	205	1	1	0
     8359	2023-01-09 19:04:32	205	1	1	0
     8359	2023-01-09 19:04:34	205	1	1	0
     3432	2023-01-09 19:04:41	205	1	1	0
     8175	2023-01-09 19:06:04	205	1	1	0
     1445	2023-01-09 19:10:50	205	1	1	0
     1298	2023-01-09 19:11:10	205	1	1	0
    10326	2023-01-09 19:13:04	205	1	1	0
    10326	2023-01-09 19:13:05	205	1	1	0
     9904	2023-01-09 19:16:08	205	1	1	0
     4495	2023-01-09 19:16:35	205	1	1	0
      315	2023-01-09 19:17:01	205	1	1	0
      315	2023-01-09 19:17:02	205	1	1	0
     5903	2023-01-09 19:17:35	205	1	1	0
     2731	2023-01-09 19:18:48	205	1	1	0
     9278	2023-01-09 19:19:01	205	1	1	0
     9453	2023-01-09 19:19:10	205	1	1	0
     4098	2023-01-09 19:19:15	205	1	1	0
     5323	2023-01-09 19:23:15	205	1	1	0
     9911	2023-01-09 19:23:17	205	1	1	0
     9556	2023-01-09 19:23:49	205	1	1	0
    10208	2023-01-09 19:27:23	205	1	1	0
     2669	2023-01-09 19:31:11	205	1	1	0
      324	2023-01-09 19:32:25	205	1	1	0
      324	2023-01-09 19:32:27	205	1	1	0
     4719	2023-01-09 19:36:31	205	1	1	0
     4219	2023-01-09 19:37:21	205	1	1	0
     4310	2023-01-09 19:39:17	205	1	1	0
      320	2023-01-09 19:53:53	205	1	1	0
     8670	2023-01-09 20:01:41	205	1	1	0
    10307	2023-01-09 20:10:23	205	1	1	0
    10278	2023-01-09 20:10:27	205	1	1	0
     2674	2023-01-09 20:22:03	205	1	1	0
    10347	2023-01-09 20:30:01	205	1	1	0
     4902	2023-01-09 21:00:40	205	1	1	0
     4303	2023-01-09 23:02:19	205	1	1	0
     4303	2023-01-09 23:02:22	205	1	1	0
     8399	2023-01-09 23:06:39	205	1	1	0
     8360	2023-01-09 23:08:05	205	1	1	0
     8360	2023-01-09 23:08:08	205	1	1	0
    10321	2023-01-10 00:02:50	205	1	1	0
     2827	2023-01-10 00:03:30	205	1	1	0
    10147	2023-01-10 07:01:57	205	1	1	0
     4363	2023-01-10 07:08:37	205	1	1	0
     8163	2023-01-10 07:09:52	205	1	1	0
     9692	2023-01-10 07:11:23	205	1	1	0
     5107	2023-01-10 07:12:32	205	1	1	0
     3414	2023-01-10 07:14:31	205	1	1	0
     6437	2023-01-10 07:16:36	205	1	1	0
     5944	2023-01-10 07:20:41	205	1	1	0
     5944	2023-01-10 07:20:44	205	1	1	0
     4731	2023-01-10 07:20:47	205	1	1	0
     4731	2023-01-10 07:20:49	205	1	1	0
     5340	2023-01-10 07:21:44	205	1	1	0
     4870	2023-01-10 07:24:03	205	1	1	0
     4870	2023-01-10 07:24:05	205	1	1	0
     3619	2023-01-10 07:28:05	205	1	1	0
     3619	2023-01-10 07:28:11	205	1	1	0
     4506	2023-01-10 07:28:14	205	1	1	0
     4506	2023-01-10 07:28:16	205	1	1	0
     4506	2023-01-10 07:28:17	205	1	1	0
     5909	2023-01-10 07:28:56	205	1	1	0
     4487	2023-01-10 07:29:07	205	1	1	0
     4487	2023-01-10 07:29:08	205	1	1	0
     2984	2023-01-10 07:29:13	205	1	1	0
     9910	2023-01-10 07:33:27	205	1	1	0
     8586	2023-01-10 07:33:31	205	1	1	0
     8209	2023-01-10 07:34:10	205	1	1	0
     7617	2023-01-10 07:34:25	205	1	1	0
     4997	2023-01-10 07:44:49	205	1	1	0
     2675	2023-01-10 07:46:41	205	1	1	0
     4783	2023-01-10 07:47:09	205	1	1	0
     3750	2023-01-10 07:47:18	205	1	1	0
     3750	2023-01-10 07:47:21	205	1	1	0
    10373	2023-01-10 07:47:59	205	1	1	0
     9552	2023-01-10 07:59:52	205	1	1	0
     2401	2023-01-10 08:11:18	205	1	1	0
     2401	2023-01-10 08:11:20	205	1	1	0
    10283	2023-01-10 08:18:29	205	1	1	0
     2910	2023-01-10 08:18:33	205	1	1	0
     4980	2023-01-10 08:18:57	205	1	1	0
     4901	2023-01-10 09:24:55	205	1	1	0
     9500	2023-01-10 09:35:55	205	1	1	0
     8347	2023-01-10 10:22:48	205	1	1	0
    10251	2023-01-10 10:47:16	205	1	1	0
    10141	2023-01-10 11:49:01	205	1	1	0
     5414	2023-01-10 12:00:12	205	1	1	0
       75	2023-01-10 12:00:15	205	1	1	0
     8257	2023-01-10 12:00:46	205	1	1	0
      217	2023-01-10 12:00:58	205	1	1	0
     1292	2023-01-10 12:02:10	205	1	1	0
     2731	2023-01-10 12:03:07	205	1	1	0
    10301	2023-01-10 12:03:30	205	1	1	0
     8149	2023-01-10 12:04:01	205	1	1	0
     1119	2023-01-10 12:04:37	205	1	1	0
     9984	2023-01-10 12:04:54	205	1	1	0
      417	2023-01-10 12:05:03	205	1	1	0
      204	2023-01-10 12:05:13	205	1	1	0
    10150	2023-01-10 12:05:42	205	1	1	0
    10095	2023-01-10 12:05:58	205	1	1	0
     9746	2023-01-10 12:07:18	205	1	1	0
     8364	2023-01-10 12:09:28	205	1	1	0
     5957	2023-01-10 12:09:30	205	1	1	0
     2071	2023-01-10 12:10:31	205	1	1	0
      683	2023-01-10 12:12:00	205	1	1	0
     1622	2023-01-10 12:13:00	205	1	1	0
     8347	2023-01-10 12:14:17	205	1	1	0
     8406	2023-01-10 12:14:45	205	1	1	0
     8406	2023-01-10 12:14:47	205	1	1	0
     2345	2023-01-10 12:52:05	205	1	1	0
     4479	2023-01-10 13:20:04	205	1	1	0
     4367	2023-01-10 13:24:27	205	1	1	0
     4367	2023-01-10 13:24:30	205	1	1	0
     4367	2023-01-10 13:24:31	205	1	1	0
     9527	2023-01-10 13:32:04	205	1	1	0
     6213	2023-01-10 14:11:37	205	1	1	0
     3234	2023-01-10 15:08:34	205	1	1	0
     6511	2023-01-10 15:10:00	205	1	1	0
     6511	2023-01-10 15:10:06	205	1	1	0
     7151	2023-01-10 15:22:22	205	1	1	0
     2546	2023-01-10 15:24:23	205	1	1	0
     8290	2023-01-10 15:57:34	205	1	1	0
     6969	2023-01-10 16:03:09	205	1	1	0
    10259	2023-01-10 16:13:04	205	1	1	0
     6062	2023-01-10 16:14:03	205	1	1	0
     3921	2023-01-10 16:43:38	205	1	1	0
     3194	2023-01-10 17:02:44	205	1	1	0
    10150	2023-01-10 17:03:09	205	1	1	0
    10095	2023-01-10 17:03:17	205	1	1	0
     4559	2023-01-10 17:03:25	205	1	1	0
     5904	2023-01-10 17:03:57	205	1	1	0
     9896	2023-01-10 17:04:03	205	1	1	0
      210	2023-01-10 17:04:59	205	1	1	0
     1356	2023-01-10 17:05:06	205	1	1	0
     2071	2023-01-10 17:05:48	205	1	1	0
     3253	2023-01-10 17:06:05	205	1	1	0
     1614	2023-01-10 17:06:31	205	1	1	0
     9746	2023-01-10 17:06:35	205	1	1	0
     9746	2023-01-10 17:06:50	205	1	1	0
      223	2023-01-10 17:07:02	205	1	1	0
      223	2023-01-10 17:07:05	205	1	1	0
     2575	2023-01-10 17:07:12	205	1	1	0
      204	2023-01-10 17:07:19	205	1	1	0
     8377	2023-01-10 17:07:25	205	1	1	0
    10187	2023-01-10 17:07:29	205	1	1	0
     8347	2023-01-10 17:08:18	205	1	1	0
     9905	2023-01-10 17:08:33	205	1	1	0
     5325	2023-01-10 17:09:05	205	1	1	0
      652	2023-01-10 17:09:21	205	1	1	0
     4280	2023-01-10 17:11:56	205	1	1	0
     9784	2023-01-10 17:12:30	205	1	1	0
     9784	2023-01-10 17:12:35	205	1	1	0
     8406	2023-01-10 17:12:44	205	1	1	0
     8406	2023-01-10 17:12:46	205	1	1	0
      683	2023-01-10 17:13:12	205	1	1	0
      217	2023-01-10 17:13:59	205	1	1	0
    10301	2023-01-10 17:14:36	205	1	1	0
     9984	2023-01-10 17:16:02	205	1	1	0
     5906	2023-01-10 17:16:29	205	1	1	0
     1292	2023-01-10 17:16:34	205	1	1	0
     1615	2023-01-10 17:22:26	205	1	1	0
     9909	2023-01-10 17:23:13	205	1	1	0
     5414	2023-01-10 17:28:34	205	1	1	0
     2332	2023-01-10 17:31:02	205	1	1	0
     1119	2023-01-10 17:51:15	205	1	1	0
      599	2023-01-10 18:20:17	205	1	1	0
     4920	2023-01-10 19:01:39	205	1	1	0
     5957	2023-01-10 19:02:48	205	1	1	0
     8364	2023-01-10 19:02:53	205	1	1	0
     8359	2023-01-10 19:02:58	205	1	1	0
     8359	2023-01-10 19:03:00	205	1	1	0
     2731	2023-01-10 19:04:45	205	1	1	0
     5958	2023-01-10 19:04:48	205	1	1	0
     9579	2023-01-10 19:05:08	205	1	1	0
     9579	2023-01-10 19:05:10	205	1	1	0
     5903	2023-01-10 19:07:43	205	1	1	0
     5271	2023-01-10 19:08:26	205	1	1	0
     5271	2023-01-10 19:08:28	205	1	1	0
     8149	2023-01-10 19:10:19	205	1	1	0
     2771	2023-01-10 19:10:51	205	1	1	0
     9904	2023-01-10 19:10:55	205	1	1	0
     1445	2023-01-10 19:11:26	205	1	1	0
     1298	2023-01-10 19:11:32	205	1	1	0
     9453	2023-01-10 19:12:17	205	1	1	0
     9278	2023-01-10 19:12:26	205	1	1	0
     4495	2023-01-10 19:12:56	205	1	1	0
      315	2023-01-10 19:13:02	205	1	1	0
      315	2023-01-10 19:13:04	205	1	1	0
     8670	2023-01-10 19:15:49	205	1	1	0
     8670	2023-01-10 19:15:52	205	1	1	0
     9556	2023-01-10 19:18:12	205	1	1	0
     9911	2023-01-10 19:18:40	205	1	1	0
     4098	2023-01-10 19:20:57	205	1	1	0
     3432	2023-01-10 19:21:17	205	1	1	0
     3432	2023-01-10 19:21:19	205	1	1	0
     4310	2023-01-10 19:21:30	205	1	1	0
    10326	2023-01-10 19:21:51	205	1	1	0
    10326	2023-01-10 19:21:53	205	1	1	0
     4209	2023-01-10 19:21:58	205	1	1	0
     4209	2023-01-10 19:22:00	205	1	1	0
     2669	2023-01-10 19:24:23	205	1	1	0
    10208	2023-01-10 19:40:28	205	1	1	0
     4719	2023-01-10 19:46:42	205	1	1	0
      320	2023-01-10 19:48:45	205	1	1	0
     4219	2023-01-10 19:48:52	205	1	1	0
    10307	2023-01-10 20:07:13	205	1	1	0
    10278	2023-01-10 20:07:19	205	1	1	0
     4902	2023-01-10 20:16:18	205	1	1	0
    10347	2023-01-10 20:34:25	205	1	1	0
     2674	2023-01-10 20:58:39	205	1	1	0
     8360	2023-01-10 23:04:07	205	1	1	0
     4558	2023-01-10 23:05:57	205	1	1	0
     3303	2023-01-10 23:06:00	205	1	1	0
     8399	2023-01-10 23:07:06	205	1	1	0
    10293	2023-01-11 00:08:18	205	1	1	0
    10293	2023-01-11 00:08:26	205	1	1	0
    10321	2023-01-11 00:09:42	205	1	1	0
     1524	2023-01-11 06:47:21	205	1	1	0
     8604	2023-01-11 07:08:34	205	1	1	0
     3414	2023-01-11 07:09:18	205	1	1	0
     8175	2023-01-11 07:09:25	205	1	1	0
     4303	2023-01-11 07:09:35	205	1	1	0
     4303	2023-01-11 07:09:37	205	1	1	0
     4299	2023-01-11 07:15:48	205	1	1	0
     4299	2023-01-11 07:15:53	205	1	1	0
      324	2023-01-11 07:17:45	205	1	1	0
      324	2023-01-11 07:17:47	205	1	1	0
     4506	2023-01-11 07:17:53	205	1	1	0
     4506	2023-01-11 07:17:55	205	1	1	0
     4506	2023-01-11 07:17:58	205	1	1	0
     4506	2023-01-11 07:18:00	205	1	1	0
     4506	2023-01-11 07:18:01	205	1	1	0
     8209	2023-01-11 07:18:41	205	1	1	0
     8586	2023-01-11 07:19:16	205	1	1	0
     2485	2023-01-11 07:19:57	205	1	1	0
     2485	2023-01-11 07:20:02	205	1	1	0
     2827	2023-01-11 07:20:17	205	1	1	0
     8108	2023-01-11 07:20:52	205	1	1	0
     4870	2023-01-11 07:32:54	205	1	1	0
     4870	2023-01-11 07:32:55	205	1	1	0
     4487	2023-01-11 07:40:09	205	1	1	0
     4487	2023-01-11 07:40:11	205	1	1	0
     7617	2023-01-11 07:40:15	205	1	1	0
     7617	2023-01-11 07:40:17	205	1	1	0
     4731	2023-01-11 07:45:27	205	1	1	0
     4731	2023-01-11 07:45:29	205	1	1	0
     5944	2023-01-11 07:45:34	205	1	1	0
     5944	2023-01-11 07:45:37	205	1	1	0
     3750	2023-01-11 07:45:42	205	1	1	0
     3750	2023-01-11 07:45:44	205	1	1	0
     9910	2023-01-11 07:45:48	205	1	1	0
     4783	2023-01-11 07:46:16	205	1	1	0
     4901	2023-01-11 07:46:19	205	1	1	0
     2984	2023-01-11 07:49:08	205	1	1	0
     6437	2023-01-11 07:49:17	205	1	1	0
    10373	2023-01-11 07:52:05	205	1	1	0
     2401	2023-01-11 07:53:23	205	1	1	0
     2401	2023-01-11 07:53:24	205	1	1	0
    10283	2023-01-11 08:04:49	205	1	1	0
    10283	2023-01-11 08:04:56	205	1	1	0
     2910	2023-01-11 08:05:04	205	1	1	0
     4980	2023-01-11 08:05:38	205	1	1	0
     2675	2023-01-11 08:17:44	205	1	1	0
     9552	2023-01-11 08:20:12	205	1	1	0
     3743	2023-01-11 08:35:26	205	1	1	0
     4997	2023-01-11 08:49:46	205	1	1	0
     8653	2023-01-11 09:28:15	205	1	1	0
      558	2023-01-11 10:29:56	205	1	1	0
     9984	2023-01-11 12:01:58	205	1	1	0
     2071	2023-01-11 12:02:45	205	1	1	0
     9746	2023-01-11 12:03:02	205	1	1	0
      204	2023-01-11 12:03:11	205	1	1	0
     1622	2023-01-11 12:03:16	205	1	1	0
    10301	2023-01-11 12:03:57	205	1	1	0
    10150	2023-01-11 12:04:13	205	1	1	0
    10095	2023-01-11 12:04:29	205	1	1	0
      683	2023-01-11 12:05:01	205	1	1	0
     8149	2023-01-11 12:06:28	205	1	1	0
     7284	2023-01-11 12:07:14	205	1	1	0
     5414	2023-01-11 12:07:20	205	1	1	0
     2731	2023-01-11 12:07:44	205	1	1	0
     5957	2023-01-11 12:09:22	205	1	1	0
     9903	2023-01-11 12:09:26	205	1	1	0
     8364	2023-01-11 12:09:30	205	1	1	0
     1119	2023-01-11 12:12:40	205	1	1	0
      217	2023-01-11 12:15:25	205	1	1	0
     2807	2023-01-11 12:15:30	205	1	1	0
      417	2023-01-11 12:20:28	205	1	1	0
     8347	2023-01-11 12:20:31	205	1	1	0
     2345	2023-01-11 12:21:41	205	1	1	0
     4367	2023-01-11 12:23:34	205	1	1	0
     4367	2023-01-11 12:23:36	205	1	1	0
     6213	2023-01-11 14:06:41	205	1	1	0
     6511	2023-01-11 15:07:14	205	1	1	0
     6511	2023-01-11 15:07:20	205	1	1	0
     7151	2023-01-11 15:08:07	205	1	1	0
    10182	2023-01-11 15:11:27	205	1	1	0
     3414	2023-01-11 15:25:09	205	1	1	0
     9784	2023-01-11 15:34:49	205	1	1	0
     9784	2023-01-11 15:34:52	205	1	1	0
     9692	2023-01-11 15:34:59	205	1	1	0
     3921	2023-01-11 16:09:37	205	1	1	0
    10259	2023-01-11 16:17:03	205	1	1	0
    10295	2023-01-11 16:17:06	205	1	1	0
     8290	2023-01-11 16:45:56	205	1	1	0
     5841	2023-01-11 17:00:39	205	1	1	0
     5841	2023-01-11 17:00:40	205	1	1	0
     5904	2023-01-11 17:01:05	205	1	1	0
     1622	2023-01-11 17:01:11	205	1	1	0
     3253	2023-01-11 17:01:16	205	1	1	0
      204	2023-01-11 17:01:28	205	1	1	0
      215	2023-01-11 17:02:31	205	1	1	0
      210	2023-01-11 17:02:47	205	1	1	0
     3194	2023-01-11 17:02:55	205	1	1	0
      683	2023-01-11 17:03:01	205	1	1	0
    10095	2023-01-11 17:03:40	205	1	1	0
    10150	2023-01-11 17:03:49	205	1	1	0
     7284	2023-01-11 17:03:55	205	1	1	0
     5906	2023-01-11 17:04:06	205	1	1	0
     2807	2023-01-11 17:05:05	205	1	1	0
     2575	2023-01-11 17:05:10	205	1	1	0
     4280	2023-01-11 17:05:16	205	1	1	0
     2332	2023-01-11 17:05:45	205	1	1	0
      223	2023-01-11 17:06:32	205	1	1	0
      223	2023-01-11 17:06:34	205	1	1	0
     1356	2023-01-11 17:06:42	205	1	1	0
     9746	2023-01-11 17:06:46	205	1	1	0
    10187	2023-01-11 17:06:52	205	1	1	0
     9984	2023-01-11 17:06:59	205	1	1	0
      217	2023-01-11 17:07:08	205	1	1	0
      417	2023-01-11 17:07:17	205	1	1	0
     9896	2023-01-11 17:07:27	205	1	1	0
     2575	2023-01-11 17:07:33	205	1	1	0
     2071	2023-01-11 17:07:40	205	1	1	0
     8347	2023-01-11 17:08:18	205	1	1	0
     1614	2023-01-11 17:08:48	205	1	1	0
     2731	2023-01-11 17:09:18	205	1	1	0
      652	2023-01-11 17:10:39	205	1	1	0
     9905	2023-01-11 17:10:43	205	1	1	0
     1119	2023-01-11 17:11:10	205	1	1	0
     4559	2023-01-11 17:11:37	205	1	1	0
      202	2023-01-11 17:16:03	205	1	1	0
    10301	2023-01-11 17:20:10	205	1	1	0
     8149	2023-01-11 17:21:51	205	1	1	0
     9909	2023-01-11 17:24:05	205	1	1	0
     9909	2023-01-11 17:24:07	205	1	1	0
     5325	2023-01-11 17:24:22	205	1	1	0
     4752	2023-01-11 17:26:56	205	1	1	0
     9903	2023-01-11 17:32:15	205	1	1	0
     5345	2023-01-11 17:36:35	205	1	1	0
     5271	2023-01-11 17:36:57	205	1	1	0
     5271	2023-01-11 17:36:59	205	1	1	0
     5957	2023-01-11 18:38:42	205	1	1	0
     8364	2023-01-11 18:38:45	205	1	1	0
     5414	2023-01-11 18:45:17	205	1	1	0
      599	2023-01-11 18:49:03	205	1	1	0
     4310	2023-01-11 19:02:03	205	1	1	0
     9637	2023-01-11 19:03:09	205	1	1	0
     9637	2023-01-11 19:03:11	205	1	1	0
     4098	2023-01-11 19:03:52	205	1	1	0
     1615	2023-01-11 19:06:40	205	1	1	0
     5903	2023-01-11 19:07:07	205	1	1	0
    10326	2023-01-11 19:07:10	205	1	1	0
    10326	2023-01-11 19:07:12	205	1	1	0
     8717	2023-01-11 19:07:16	205	1	1	0
     8717	2023-01-11 19:07:19	205	1	1	0
     4486	2023-01-11 19:08:07	205	1	1	0
     4486	2023-01-11 19:08:08	205	1	1	0
     4486	2023-01-11 19:08:10	205	1	1	0
     9556	2023-01-11 19:08:19	205	1	1	0
     9453	2023-01-11 19:08:46	205	1	1	0
     9278	2023-01-11 19:08:53	205	1	1	0
     1445	2023-01-11 19:11:29	205	1	1	0
     1298	2023-01-11 19:11:38	205	1	1	0
     6418	2023-01-11 19:12:02	205	1	1	0
     6418	2023-01-11 19:12:04	205	1	1	0
      340	2023-01-11 19:12:11	205	1	1	0
     2750	2023-01-11 19:14:49	205	1	1	0
     2750	2023-01-11 19:14:56	205	1	1	0
     4719	2023-01-11 19:15:53	205	1	1	0
     9904	2023-01-11 19:16:19	205	1	1	0
     9253	2023-01-11 19:22:51	205	1	1	0
     4495	2023-01-11 19:22:58	205	1	1	0
     9911	2023-01-11 19:25:37	205	1	1	0
    10347	2023-01-11 19:25:42	205	1	1	0
     2669	2023-01-11 19:33:48	205	1	1	0
    10208	2023-01-11 19:33:54	205	1	1	0
     4219	2023-01-11 19:39:34	205	1	1	0
    10307	2023-01-11 20:09:23	205	1	1	0
    10278	2023-01-11 20:09:29	205	1	1	0
     4902	2023-01-11 20:19:06	205	1	1	0
     8670	2023-01-11 20:19:53	205	1	1	0
      320	2023-01-11 20:22:24	205	1	1	0
     2674	2023-01-11 20:56:11	205	1	1	0
     2528	2023-01-11 22:11:56	205	1	1	0
     4558	2023-01-11 23:05:02	205	1	1	0
     6969	2023-01-11 23:10:21	205	1	1	0
    10293	2023-01-12 00:13:11	205	1	1	0
     9471	2023-01-12 05:37:46	205	1	1	0
     8399	2023-01-12 07:01:06	205	1	1	0
     2485	2023-01-12 07:01:58	205	1	1	0
     2485	2023-01-12 07:02:00	205	1	1	0
     2485	2023-01-12 07:02:01	205	1	1	0
     8360	2023-01-12 07:03:33	205	1	1	0
     4920	2023-01-12 07:05:02	205	1	1	0
     4920	2023-01-12 07:05:05	205	1	1	0
     2827	2023-01-12 07:07:27	205	1	1	0
     1994	2023-01-12 07:11:15	205	1	1	0
     4209	2023-01-12 07:13:50	205	1	1	0
     4209	2023-01-12 07:13:52	205	1	1	0
      324	2023-01-12 07:13:55	205	1	1	0
      324	2023-01-12 07:13:56	205	1	1	0
     8532	2023-01-12 07:18:35	205	1	1	0
     8532	2023-01-12 07:18:37	205	1	1	0
     3303	2023-01-12 07:19:33	205	1	1	0
     8586	2023-01-12 07:21:51	205	1	1	0
     4997	2023-01-12 07:24:58	205	1	1	0
     8209	2023-01-12 07:26:03	205	1	1	0
     4731	2023-01-12 07:29:41	205	1	1	0
     4731	2023-01-12 07:29:44	205	1	1	0
     7617	2023-01-12 07:31:09	205	1	1	0
     4870	2023-01-12 07:32:01	205	1	1	0
     4870	2023-01-12 07:32:05	205	1	1	0
     4487	2023-01-12 07:39:48	205	1	1	0
     4487	2023-01-12 07:39:49	205	1	1	0
     4487	2023-01-12 07:39:51	205	1	1	0
     9552	2023-01-12 07:47:04	205	1	1	0
     9910	2023-01-12 07:47:25	205	1	1	0
     2984	2023-01-12 07:50:49	205	1	1	0
     2401	2023-01-12 07:54:30	205	1	1	0
     6437	2023-01-12 07:59:01	205	1	1	0
      402	2023-01-12 08:05:45	205	1	1	0
     4783	2023-01-12 08:06:37	205	1	1	0
     4901	2023-01-12 08:07:57	205	1	1	0
    10373	2023-01-12 08:08:24	205	1	1	0
     2910	2023-01-12 08:08:35	205	1	1	0
    10283	2023-01-12 08:09:15	205	1	1	0
    10283	2023-01-12 08:09:17	205	1	1	0
     3750	2023-01-12 08:09:56	205	1	1	0
     3750	2023-01-12 08:09:58	205	1	1	0
     2675	2023-01-12 08:17:14	205	1	1	0
     4980	2023-01-12 08:55:01	205	1	1	0
     6265	2023-01-12 09:09:18	205	1	1	0
     5958	2023-01-12 09:10:07	205	1	1	0
     2951	2023-01-12 09:59:58	205	1	1	0
      223	2023-01-12 12:00:05	205	1	1	0
      223	2023-01-12 12:00:08	205	1	1	0
      683	2023-01-12 12:00:29	205	1	1	0
     7284	2023-01-12 12:01:32	205	1	1	0
     9984	2023-01-12 12:02:05	205	1	1	0
     2071	2023-01-12 12:02:31	205	1	1	0
     5414	2023-01-12 12:02:57	205	1	1	0
     9746	2023-01-12 12:03:49	205	1	1	0
    10301	2023-01-12 12:04:00	205	1	1	0
    10150	2023-01-12 12:05:02	205	1	1	0
    10095	2023-01-12 12:05:08	205	1	1	0
      217	2023-01-12 12:05:58	205	1	1	0
     2807	2023-01-12 12:06:07	205	1	1	0
     8406	2023-01-12 12:06:36	205	1	1	0
     8406	2023-01-12 12:06:37	205	1	1	0
     9903	2023-01-12 12:07:04	205	1	1	0
     9903	2023-01-12 12:07:07	205	1	1	0
     8364	2023-01-12 12:07:08	205	1	1	0
     4561	2023-01-12 12:08:27	205	1	1	0
     5957	2023-01-12 12:09:35	205	1	1	0
     8149	2023-01-12 12:12:44	205	1	1	0
     1622	2023-01-12 12:12:59	205	1	1	0
      204	2023-01-12 12:13:17	205	1	1	0
     9899	2023-01-12 12:18:18	205	1	1	0
     1119	2023-01-12 12:21:49	205	1	1	0
     1292	2023-01-12 12:22:00	205	1	1	0
      417	2023-01-12 12:22:07	205	1	1	0
     8347	2023-01-12 12:22:18	205	1	1	0
     4367	2023-01-12 13:07:29	205	1	1	0
     4367	2023-01-12 13:07:31	205	1	1	0
     6213	2023-01-12 14:01:13	205	1	1	0
     3234	2023-01-12 15:01:29	205	1	1	0
     9692	2023-01-12 15:04:31	205	1	1	0
     6511	2023-01-12 15:08:49	205	1	1	0
     6511	2023-01-12 15:08:59	205	1	1	0
     5340	2023-01-12 15:19:07	205	1	1	0
     4299	2023-01-12 15:26:30	205	1	1	0
     4299	2023-01-12 15:26:31	205	1	1	0
     4299	2023-01-12 15:26:33	205	1	1	0
     5903	2023-01-12 16:02:59	205	1	1	0
    10259	2023-01-12 16:27:19	205	1	1	0
    10295	2023-01-12 16:27:22	205	1	1	0
      210	2023-01-12 17:01:36	205	1	1	0
      210	2023-01-12 17:01:38	205	1	1	0
     1622	2023-01-12 17:01:55	205	1	1	0
     2071	2023-01-12 17:02:29	205	1	1	0
     5904	2023-01-12 17:02:35	205	1	1	0
     7284	2023-01-12 17:02:45	205	1	1	0
    10095	2023-01-12 17:02:56	205	1	1	0
      204	2023-01-12 17:03:02	205	1	1	0
     5906	2023-01-12 17:03:10	205	1	1	0
      683	2023-01-12 17:03:20	205	1	1	0
     4559	2023-01-12 17:03:40	205	1	1	0
     4280	2023-01-12 17:03:46	205	1	1	0
     2575	2023-01-12 17:03:50	205	1	1	0
     5841	2023-01-12 17:03:54	205	1	1	0
     5841	2023-01-12 17:03:57	205	1	1	0
    10150	2023-01-12 17:04:12	205	1	1	0
     3253	2023-01-12 17:04:46	205	1	1	0
     9905	2023-01-12 17:04:51	205	1	1	0
     1614	2023-01-12 17:05:02	205	1	1	0
     1356	2023-01-12 17:05:08	205	1	1	0
     1292	2023-01-12 17:05:19	205	1	1	0
     9896	2023-01-12 17:05:25	205	1	1	0
      417	2023-01-12 17:05:53	205	1	1	0
     2332	2023-01-12 17:06:10	205	1	1	0
     8347	2023-01-12 17:06:57	205	1	1	0
    10301	2023-01-12 17:07:04	205	1	1	0
      217	2023-01-12 17:07:12	205	1	1	0
     2807	2023-01-12 17:07:17	205	1	1	0
     9909	2023-01-12 17:08:20	205	1	1	0
     9984	2023-01-12 17:08:58	205	1	1	0
     8406	2023-01-12 17:09:13	205	1	1	0
     8406	2023-01-12 17:09:15	205	1	1	0
      652	2023-01-12 17:10:03	205	1	1	0
     3194	2023-01-12 17:10:33	205	1	1	0
     3921	2023-01-12 17:12:38	205	1	1	0
     5957	2023-01-12 17:14:15	205	1	1	0
     8364	2023-01-12 17:14:24	205	1	1	0
    10187	2023-01-12 17:15:33	205	1	1	0
     8149	2023-01-12 17:17:26	205	1	1	0
     9903	2023-01-12 17:17:34	205	1	1	0
     8359	2023-01-12 17:18:13	205	1	1	0
     8359	2023-01-12 17:18:15	205	1	1	0
     9637	2023-01-12 17:18:17	205	1	1	0
     9637	2023-01-12 17:18:19	205	1	1	0
     5414	2023-01-12 17:24:00	205	1	1	0
      215	2023-01-12 17:39:13	205	1	1	0
     4752	2023-01-12 17:43:25	205	1	1	0
      599	2023-01-12 18:05:28	205	1	1	0
     9746	2023-01-12 18:13:10	205	1	1	0
     5345	2023-01-12 18:27:23	205	1	1	0
     5345	2023-01-12 18:27:24	205	1	1	0
     5271	2023-01-12 18:34:09	205	1	1	0
     5271	2023-01-12 18:34:10	205	1	1	0
     9579	2023-01-12 19:01:09	205	1	1	0
     9579	2023-01-12 19:01:12	205	1	1	0
     5909	2023-01-12 19:06:23	205	1	1	0
     9517	2023-01-12 19:06:35	205	1	1	0
     8163	2023-01-12 19:08:27	205	1	1	0
     9691	2023-01-12 19:09:51	205	1	1	0
     9691	2023-01-12 19:09:53	205	1	1	0
     5323	2023-01-12 19:10:20	205	1	1	0
     3372	2023-01-12 19:10:24	205	1	1	0
     8601	2023-01-12 19:10:47	205	1	1	0
     2840	2023-01-12 19:10:51	205	1	1	0
     9287	2023-01-12 19:11:26	205	1	1	0
     6707	2023-01-12 19:11:36	205	1	1	0
     6707	2023-01-12 19:11:38	205	1	1	0
     3321	2023-01-12 19:14:11	205	1	1	0
     7362	2023-01-12 19:14:23	205	1	1	0
     7362	2023-01-12 19:14:25	205	1	1	0
     2692	2023-01-12 19:20:49	205	1	1	0
     4603	2023-01-12 19:22:03	205	1	1	0
     8165	2023-01-12 19:22:06	205	1	1	0
     4561	2023-01-12 19:24:35	205	1	1	0
     8182	2023-01-12 19:25:36	205	1	1	0
     9253	2023-01-12 19:32:04	205	1	1	0
     2345	2023-01-12 19:37:43	205	1	1	0
     7174	2023-01-12 19:42:19	205	1	1	0
     2390	2023-01-12 19:42:55	205	1	1	0
     3431	2023-01-12 19:45:43	205	1	1	0
     3431	2023-01-12 19:45:45	205	1	1	0
     5107	2023-01-12 19:47:20	205	1	1	0
     5107	2023-01-12 19:48:01	205	1	1	0
     8739	2023-01-12 20:07:19	205	1	1	0
     9908	2023-01-12 20:32:31	205	1	1	0
     9491	2023-01-12 20:32:35	205	1	1	0
     9784	2023-01-12 23:04:24	205	1	1	0
     4363	2023-01-12 23:04:45	205	1	1	0
     3414	2023-01-12 23:06:18	205	1	1	0
     8290	2023-01-12 23:10:40	205	1	1	0
    10293	2023-01-13 00:15:18	205	1	1	0
    10321	2023-01-13 00:20:49	205	1	1	0
      786	2023-01-13 06:34:48	205	1	1	0
     6418	2023-01-13 07:03:12	205	1	1	0
     6418	2023-01-13 07:03:15	205	1	1	0
    10147	2023-01-13 07:04:51	205	1	1	0
     4497	2023-01-13 07:07:39	205	1	1	0
     4482	2023-01-13 07:07:42	205	1	1	0
     4482	2023-01-13 07:07:44	205	1	1	0
     2771	2023-01-13 07:07:47	205	1	1	0
     2771	2023-01-13 07:07:48	205	1	1	0
     3200	2023-01-13 07:09:13	205	1	1	0
     4558	2023-01-13 07:10:39	205	1	1	0
     8360	2023-01-13 07:10:51	205	1	1	0
     4868	2023-01-13 07:12:33	205	1	1	0
     4513	2023-01-13 07:13:45	205	1	1	0
     4513	2023-01-13 07:13:47	205	1	1	0
     3303	2023-01-13 07:15:13	205	1	1	0
      340	2023-01-13 07:22:21	205	1	1	0
     9288	2023-01-13 07:27:18	205	1	1	0
     2808	2023-01-13 07:27:23	205	1	1	0
     4209	2023-01-13 07:34:35	205	1	1	0
     4209	2023-01-13 07:34:37	205	1	1	0
     4209	2023-01-13 07:34:38	205	1	1	0
     4932	2023-01-13 07:35:23	205	1	1	0
     2858	2023-01-13 07:49:22	205	1	1	0
    10336	2023-01-13 07:49:26	205	1	1	0
     2208	2023-01-13 07:52:05	205	1	1	0
     8717	2023-01-13 07:52:22	205	1	1	0
     8790	2023-01-13 07:55:18	205	1	1	0
     8790	2023-01-13 07:55:20	205	1	1	0
     3761	2023-01-13 08:07:08	205	1	1	0
     3761	2023-01-13 08:07:10	205	1	1	0
    10291	2023-01-13 08:11:26	205	1	1	0
    10291	2023-01-13 08:11:32	205	1	1	0
    10285	2023-01-13 08:11:36	205	1	1	0
    10285	2023-01-13 08:11:38	205	1	1	0
     8213	2023-01-13 08:25:04	205	1	1	0
     2668	2023-01-13 08:28:52	205	1	1	0
    10337	2023-01-13 08:31:56	205	1	1	0
     2528	2023-01-13 08:46:44	205	1	1	0
     4926	2023-01-13 10:21:26	205	1	1	0
     8121	2023-01-13 10:23:16	205	1	1	0
     4486	2023-01-13 10:24:07	205	1	1	0
     4486	2023-01-13 10:24:09	205	1	1	0
     9762	2023-01-13 11:39:10	205	1	1	0
     1119	2023-01-13 12:00:55	205	1	1	0
     2071	2023-01-13 12:03:17	205	1	1	0
     5414	2023-01-13 12:03:22	205	1	1	0
     9984	2023-01-13 12:03:46	205	1	1	0
      417	2023-01-13 12:04:32	205	1	1	0
     1622	2023-01-13 12:05:42	205	1	1	0
    10301	2023-01-13 12:07:18	205	1	1	0
     9903	2023-01-13 12:07:47	205	1	1	0
     8364	2023-01-13 12:07:50	205	1	1	0
     5957	2023-01-13 12:08:07	205	1	1	0
     4561	2023-01-13 12:08:33	205	1	1	0
     9746	2023-01-13 12:08:53	205	1	1	0
     8149	2023-01-13 12:09:03	205	1	1	0
     8347	2023-01-13 12:09:09	205	1	1	0
     2807	2023-01-13 12:09:47	205	1	1	0
      217	2023-01-13 12:09:55	205	1	1	0
     8406	2023-01-13 12:11:23	205	1	1	0
     8406	2023-01-13 12:11:25	205	1	1	0
    10095	2023-01-13 12:13:40	205	1	1	0
    10150	2023-01-13 12:13:47	205	1	1	0
     9899	2023-01-13 12:26:38	205	1	1	0
      204	2023-01-13 12:28:34	205	1	1	0
     4367	2023-01-13 12:44:54	205	1	1	0
     4367	2023-01-13 12:44:56	205	1	1	0
     6213	2023-01-13 14:30:15	205	1	1	0
     3234	2023-01-13 15:01:16	205	1	1	0
     6511	2023-01-13 15:02:18	205	1	1	0
     6511	2023-01-13 15:02:25	205	1	1	0
     5340	2023-01-13 15:03:19	205	1	1	0
     9692	2023-01-13 15:08:40	205	1	1	0
     6969	2023-01-13 15:24:59	205	1	1	0
     2546	2023-01-13 15:46:07	205	1	1	0
    10295	2023-01-13 16:18:10	205	1	1	0
     1356	2023-01-13 16:59:14	205	1	1	0
      223	2023-01-13 17:01:03	205	1	1	0
      223	2023-01-13 17:01:06	205	1	1	0
      210	2023-01-13 17:01:24	205	1	1	0
     1622	2023-01-13 17:01:29	205	1	1	0
     3194	2023-01-13 17:01:52	205	1	1	0
     5325	2023-01-13 17:01:58	205	1	1	0
     2071	2023-01-13 17:02:15	205	1	1	0
    10095	2023-01-13 17:02:59	205	1	1	0
     5906	2023-01-13 17:03:13	205	1	1	0
     9527	2023-01-13 17:03:36	205	1	1	0
     3253	2023-01-13 17:03:42	205	1	1	0
     5841	2023-01-13 17:03:49	205	1	1	0
     5841	2023-01-13 17:03:51	205	1	1	0
    10150	2023-01-13 17:03:59	205	1	1	0
     4559	2023-01-13 17:04:08	205	1	1	0
     9896	2023-01-13 17:04:25	205	1	1	0
     2332	2023-01-13 17:04:42	205	1	1	0
     4280	2023-01-13 17:05:01	205	1	1	0
      204	2023-01-13 17:05:13	205	1	1	0
     1614	2023-01-13 17:05:49	205	1	1	0
      417	2023-01-13 17:06:31	205	1	1	0
      217	2023-01-13 17:06:39	205	1	1	0
     2807	2023-01-13 17:06:44	205	1	1	0
     1119	2023-01-13 17:06:50	205	1	1	0
     9984	2023-01-13 17:08:42	205	1	1	0
     5414	2023-01-13 17:08:47	205	1	1	0
    10187	2023-01-13 17:10:17	205	1	1	0
     8347	2023-01-13 17:13:43	205	1	1	0
     9909	2023-01-13 17:14:40	205	1	1	0
     5904	2023-01-13 17:17:23	205	1	1	0
     4752	2023-01-13 17:25:30	205	1	1	0
     9746	2023-01-13 17:29:49	205	1	1	0
    10301	2023-01-13 17:32:19	205	1	1	0
     5271	2023-01-13 17:32:24	205	1	1	0
     5271	2023-01-13 17:32:25	205	1	1	0
     5345	2023-01-13 17:32:48	205	1	1	0
     1292	2023-01-13 17:35:29	205	1	1	0
     9903	2023-01-13 17:37:20	205	1	1	0
     8406	2023-01-13 17:42:41	205	1	1	0
     8406	2023-01-13 17:42:42	205	1	1	0
     8149	2023-01-13 17:47:14	205	1	1	0
      215	2023-01-13 17:48:10	205	1	1	0
     5957	2023-01-13 18:12:58	205	1	1	0
      599	2023-01-13 18:27:50	205	1	1	0
     8364	2023-01-13 18:35:26	205	1	1	0
     9579	2023-01-13 19:04:54	205	1	1	0
     9579	2023-01-13 19:04:56	205	1	1	0
     9579	2023-01-13 19:04:59	205	1	1	0
     7362	2023-01-13 19:06:04	205	1	1	0
     7362	2023-01-13 19:06:05	205	1	1	0
     9517	2023-01-13 19:07:49	205	1	1	0
     8108	2023-01-13 19:08:24	205	1	1	0
     9287	2023-01-13 19:12:16	205	1	1	0
     3321	2023-01-13 19:12:19	205	1	1	0
     9691	2023-01-13 19:12:28	205	1	1	0
     9691	2023-01-13 19:12:30	205	1	1	0
     8175	2023-01-13 19:13:06	205	1	1	0
     2575	2023-01-13 19:13:16	205	1	1	0
     3921	2023-01-13 19:13:34	205	1	1	0
     8359	2023-01-13 19:13:40	205	1	1	0
     8359	2023-01-13 19:13:42	205	1	1	0
     6707	2023-01-13 19:17:02	205	1	1	0
     6707	2023-01-13 19:17:04	205	1	1	0
     3432	2023-01-13 19:19:42	205	1	1	0
     3432	2023-01-13 19:19:44	205	1	1	0
     2840	2023-01-13 19:21:55	205	1	1	0
     9253	2023-01-13 19:23:45	205	1	1	0
     2390	2023-01-13 19:25:06	205	1	1	0
     8182	2023-01-13 19:25:11	205	1	1	0
     3372	2023-01-13 19:28:09	205	1	1	0
     3619	2023-01-13 19:30:37	205	1	1	0
     3619	2023-01-13 19:30:39	205	1	1	0
     8601	2023-01-13 19:30:42	205	1	1	0
     5323	2023-01-13 19:31:22	205	1	1	0
     4603	2023-01-13 19:33:31	205	1	1	0
     3431	2023-01-13 19:35:40	205	1	1	0
     3431	2023-01-13 19:35:41	205	1	1	0
     3431	2023-01-13 19:35:43	205	1	1	0
     4561	2023-01-13 19:36:26	205	1	1	0
     8364	2023-01-13 19:36:30	205	1	1	0
      315	2023-01-13 19:37:28	205	1	1	0
     2692	2023-01-13 19:37:57	205	1	1	0
     7174	2023-01-13 19:43:10	205	1	1	0
     8739	2023-01-13 20:09:32	205	1	1	0
     9989	2023-01-13 20:17:56	205	1	1	0
     9908	2023-01-13 20:34:39	205	1	1	0
     9491	2023-01-13 20:34:51	205	1	1	0
     4363	2023-01-13 23:07:02	205	1	1	0
     8290	2023-01-13 23:13:19	205	1	1	0
     9784	2023-01-13 23:55:32	205	1	1	0
     3414	2023-01-14 00:00:16	205	1	1	0
    10293	2023-01-14 00:19:55	205	1	1	0
     2528	2023-01-14 07:02:58	205	1	1	0
     8163	2023-01-14 07:06:06	205	1	1	0
     4482	2023-01-14 07:08:22	205	1	1	0
     4482	2023-01-14 07:08:24	205	1	1	0
     4497	2023-01-14 07:08:28	205	1	1	0
     2771	2023-01-14 07:08:53	205	1	1	0
     2771	2023-01-14 07:08:55	205	1	1	0
     3200	2023-01-14 07:09:44	205	1	1	0
     4558	2023-01-14 07:09:53	205	1	1	0
     4932	2023-01-14 07:10:22	205	1	1	0
     5107	2023-01-14 07:19:27	205	1	1	0
     2485	2023-01-14 07:20:54	205	1	1	0
     2485	2023-01-14 07:20:59	205	1	1	0
     4932	2023-01-14 07:21:04	205	1	1	0
     3303	2023-01-14 07:22:13	205	1	1	0
     8165	2023-01-14 07:22:25	205	1	1	0
     8165	2023-01-14 07:22:27	205	1	1	0
     4868	2023-01-14 07:24:35	205	1	1	0
     2858	2023-01-14 07:24:40	205	1	1	0
     5909	2023-01-14 07:24:50	205	1	1	0
     5711	2023-01-14 07:27:20	205	1	1	0
     2208	2023-01-14 07:28:35	205	1	1	0
     4299	2023-01-14 07:30:41	205	1	1	0
     4299	2023-01-14 07:30:43	205	1	1	0
     4513	2023-01-14 07:40:36	205	1	1	0
     4513	2023-01-14 07:40:40	205	1	1	0
    10337	2023-01-14 07:44:07	205	1	1	0
     2668	2023-01-14 07:44:15	205	1	1	0
     9288	2023-01-14 07:53:38	205	1	1	0
     2808	2023-01-14 07:53:41	205	1	1	0
     8213	2023-01-14 07:53:56	205	1	1	0
     8790	2023-01-14 08:05:39	205	1	1	0
     8790	2023-01-14 08:05:40	205	1	1	0
    10336	2023-01-14 08:05:53	205	1	1	0
     9872	2023-01-14 08:20:48	205	1	1	0
     3761	2023-01-14 08:25:44	205	1	1	0
    10291	2023-01-14 08:35:56	205	1	1	0
    10291	2023-01-14 08:36:01	205	1	1	0
    10285	2023-01-14 08:36:04	205	1	1	0
    10285	2023-01-14 08:36:06	205	1	1	0
    10285	2023-01-14 08:41:55	205	1	1	0
    10285	2023-01-14 08:41:58	205	1	1	0
      184	2023-01-14 09:32:55	205	1	1	0
     9464	2023-01-14 09:45:34	205	1	1	0
     4486	2023-01-14 10:11:53	205	1	1	0
     4486	2023-01-14 10:11:55	205	1	1	0
     4486	2023-01-14 10:11:56	205	1	1	0
      211	2023-01-14 10:54:45	205	1	1	0
    10150	2023-01-14 12:04:52	205	1	1	0
     2731	2023-01-14 12:11:28	205	1	1	0
      217	2023-01-14 12:11:32	205	1	1	0
     7284	2023-01-14 12:17:20	205	1	1	0
     2345	2023-01-14 12:30:51	205	1	1	0
      315	2023-01-14 12:50:01	205	1	1	0
      315	2023-01-14 12:50:05	205	1	1	0
     9899	2023-01-14 14:19:40	205	1	1	0
     3234	2023-01-14 15:01:15	205	1	1	0
     8399	2023-01-14 15:01:32	205	1	1	0
     7151	2023-01-14 15:06:48	205	1	1	0
     4974	2023-01-14 15:19:11	205	1	1	0
     4303	2023-01-14 15:19:15	205	1	1	0
     2827	2023-01-14 15:31:32	205	1	1	0
     6969	2023-01-14 15:44:31	205	1	1	0
     2546	2023-01-14 15:45:26	205	1	1	0
    10295	2023-01-14 16:22:57	205	1	1	0
      217	2023-01-14 17:01:51	205	1	1	0
     8257	2023-01-14 17:02:09	205	1	1	0
    10150	2023-01-14 17:02:16	205	1	1	0
     8377	2023-01-14 17:06:04	205	1	1	0
     4752	2023-01-14 17:08:07	205	1	1	0
     7284	2023-01-14 17:09:46	205	1	1	0
     2731	2023-01-14 17:10:44	205	1	1	0
     5345	2023-01-14 17:16:16	205	1	1	0
     5841	2023-01-14 18:50:43	205	1	1	0
     5841	2023-01-14 18:50:45	205	1	1	0
     4920	2023-01-14 19:00:31	205	1	1	0
     1994	2023-01-14 19:08:34	205	1	1	0
     9517	2023-01-14 19:11:30	205	1	1	0
     3619	2023-01-14 19:13:16	205	1	1	0
     3619	2023-01-14 19:13:17	205	1	1	0
     4506	2023-01-14 19:13:22	205	1	1	0
     4506	2023-01-14 19:13:23	205	1	1	0
     4506	2023-01-14 19:13:25	205	1	1	0
     7362	2023-01-14 19:14:29	205	1	1	0
     7362	2023-01-14 19:14:30	205	1	1	0
     5958	2023-01-14 19:16:20	205	1	1	0
     3321	2023-01-14 19:16:27	205	1	1	0
     3432	2023-01-14 19:17:10	205	1	1	0
     3372	2023-01-14 19:18:06	205	1	1	0
     5323	2023-01-14 19:18:11	205	1	1	0
     8601	2023-01-14 19:20:32	205	1	1	0
     9287	2023-01-14 19:20:34	205	1	1	0
     6707	2023-01-14 19:23:13	205	1	1	0
     6707	2023-01-14 19:23:15	205	1	1	0
     2840	2023-01-14 19:26:29	205	1	1	0
     7174	2023-01-14 19:32:51	205	1	1	0
     3431	2023-01-14 19:36:52	205	1	1	0
     3431	2023-01-14 19:36:54	205	1	1	0
     2692	2023-01-14 19:40:04	205	1	1	0
     9253	2023-01-14 19:40:51	205	1	1	0
     4367	2023-01-14 19:40:55	205	1	1	0
     4367	2023-01-14 19:40:57	205	1	1	0
     8182	2023-01-14 19:44:27	205	1	1	0
     9691	2023-01-14 19:44:43	205	1	1	0
     9691	2023-01-14 19:44:44	205	1	1	0
     9989	2023-01-14 19:57:52	205	1	1	0
     9908	2023-01-14 19:59:31	205	1	1	0
     4487	2023-01-14 20:43:11	205	1	1	0
     4487	2023-01-14 20:43:12	205	1	1	0
     8739	2023-01-14 20:49:03	205	1	1	0
     8739	2023-01-14 20:49:05	205	1	1	0
     4363	2023-01-14 23:00:34	205	1	1	0
     5340	2023-01-14 23:01:05	205	1	1	0
     3414	2023-01-14 23:05:54	205	1	1	0
     9692	2023-01-14 23:33:58	205	1	1	0
    10293	2023-01-15 00:13:05	205	1	1	0
     8108	2023-01-15 07:03:24	205	1	1	0
     2528	2023-01-15 07:09:04	205	1	1	0
     8290	2023-01-15 07:11:20	205	1	1	0
     4932	2023-01-15 07:11:25	205	1	1	0
     3200	2023-01-15 07:14:56	205	1	1	0
     4868	2023-01-15 07:20:45	205	1	1	0
     2485	2023-01-15 07:22:36	205	1	1	0
     2485	2023-01-15 07:22:39	205	1	1	0
     2771	2023-01-15 07:23:14	205	1	1	0
     2771	2023-01-15 07:23:15	205	1	1	0
     9288	2023-01-15 07:23:43	205	1	1	0
     4513	2023-01-15 07:24:44	205	1	1	0
     4513	2023-01-15 07:24:45	205	1	1	0
     2208	2023-01-15 07:28:21	205	1	1	0
     4482	2023-01-15 07:29:43	205	1	1	0
     4482	2023-01-15 07:29:45	205	1	1	0
     4497	2023-01-15 07:29:48	205	1	1	0
     4497	2023-01-15 07:29:50	205	1	1	0
     8604	2023-01-15 07:37:55	205	1	1	0
     4603	2023-01-15 07:39:25	205	1	1	0
     8165	2023-01-15 07:39:28	205	1	1	0
     8165	2023-01-15 07:39:31	205	1	1	0
     9784	2023-01-15 07:39:33	205	1	1	0
     9784	2023-01-15 07:39:36	205	1	1	0
     8175	2023-01-15 07:40:25	205	1	1	0
     4299	2023-01-15 07:43:51	205	1	1	0
     4299	2023-01-15 07:43:52	205	1	1	0
     2808	2023-01-15 07:49:50	205	1	1	0
     2858	2023-01-15 08:13:14	205	1	1	0
    10336	2023-01-15 08:13:18	205	1	1	0
     3761	2023-01-15 08:15:11	205	1	1	0
    10181	2023-01-15 08:30:56	205	1	1	0
    10337	2023-01-15 08:33:57	205	1	1	0
     2668	2023-01-15 08:34:02	205	1	1	0
     8213	2023-01-15 08:35:10	205	1	1	0
    10347	2023-01-15 08:39:53	205	1	1	0
    10285	2023-01-15 09:40:20	205	1	1	0
    10285	2023-01-15 09:40:22	205	1	1	0
    10291	2023-01-15 09:47:11	205	1	1	0
    10291	2023-01-15 09:47:15	205	1	1	0
     4849	2023-01-15 11:08:06	205	1	1	0
     9465	2023-01-15 11:59:12	205	1	1	0
     7284	2023-01-15 12:02:11	205	1	1	0
     2731	2023-01-15 12:05:18	205	1	1	0
     9899	2023-01-15 12:06:09	205	1	1	0
     2345	2023-01-15 12:45:56	205	1	1	0
      315	2023-01-15 12:46:07	205	1	1	0
     9814	2023-01-15 12:59:51	205	1	1	0
     8399	2023-01-15 15:01:50	205	1	1	0
     6969	2023-01-15 15:08:04	205	1	1	0
     2827	2023-01-15 15:13:31	205	1	1	0
     2546	2023-01-15 15:17:48	205	1	1	0
     4303	2023-01-15 16:04:33	205	1	1	0
     6062	2023-01-15 16:11:11	205	1	1	0
    10259	2023-01-15 16:22:29	205	1	1	0
     8257	2023-01-15 17:01:11	205	1	1	0
     8377	2023-01-15 17:04:45	205	1	1	0
     4752	2023-01-15 17:23:10	205	1	1	0
     7284	2023-01-15 17:32:45	205	1	1	0
     2731	2023-01-15 17:45:19	205	1	1	0
     5345	2023-01-15 18:14:20	205	1	1	0
     4477	2023-01-15 18:16:49	205	1	1	0
     5841	2023-01-15 18:56:55	205	1	1	0
     5841	2023-01-15 18:56:57	205	1	1	0
     8717	2023-01-15 19:01:41	205	1	1	0
     9637	2023-01-15 19:02:28	205	1	1	0
     9637	2023-01-15 19:02:30	205	1	1	0
      340	2023-01-15 19:09:48	205	1	1	0
     4870	2023-01-15 19:10:10	205	1	1	0
     4870	2023-01-15 19:10:12	205	1	1	0
     6418	2023-01-15 19:11:28	205	1	1	0
     6418	2023-01-15 19:11:30	205	1	1	0
     4731	2023-01-15 19:12:32	205	1	1	0
     4731	2023-01-15 19:12:34	205	1	1	0
     1615	2023-01-15 19:13:12	205	1	1	0
     8586	2023-01-15 19:13:19	205	1	1	0
     3750	2023-01-15 19:13:38	205	1	1	0
     3750	2023-01-15 19:13:41	205	1	1	0
     9910	2023-01-15 19:15:08	205	1	1	0
     9278	2023-01-15 19:15:48	205	1	1	0
     5944	2023-01-15 19:16:11	205	1	1	0
     5944	2023-01-15 19:16:13	205	1	1	0
     4783	2023-01-15 19:20:26	205	1	1	0
     9253	2023-01-15 19:24:32	205	1	1	0
     4495	2023-01-15 19:25:03	205	1	1	0
     6437	2023-01-15 19:26:26	205	1	1	0
     4997	2023-01-15 19:27:18	205	1	1	0
     7617	2023-01-15 19:37:31	205	1	1	0
     8209	2023-01-15 19:41:18	205	1	1	0
     4901	2023-01-15 19:45:27	205	1	1	0
    10326	2023-01-15 19:50:50	205	1	1	0
    10326	2023-01-15 19:50:51	205	1	1	0
    10326	2023-01-15 19:50:56	205	1	1	0
     4487	2023-01-15 19:52:52	205	1	1	0
     4487	2023-01-15 19:52:54	205	1	1	0
     2984	2023-01-15 19:52:57	205	1	1	0
     9552	2023-01-15 19:57:16	205	1	1	0
      324	2023-01-15 20:02:54	205	1	1	0
      324	2023-01-15 20:02:56	205	1	1	0
     8739	2023-01-15 20:07:26	205	1	1	0
    10373	2023-01-15 20:23:08	205	1	1	0
     2401	2023-01-15 20:24:31	205	1	1	0
     2401	2023-01-15 20:24:32	205	1	1	0
     2675	2023-01-15 20:26:41	205	1	1	0
     8360	2023-01-15 23:01:13	205	1	1	0
     3414	2023-01-15 23:06:16	205	1	1	0
     4974	2023-01-15 23:07:28	205	1	1	0
     5340	2023-01-15 23:19:20	205	1	1	0
     4920	2023-01-16 07:03:54	205	1	1	0
     4920	2023-01-16 07:03:58	205	1	1	0
     4363	2023-01-16 07:06:06	205	1	1	0
     2528	2023-01-16 07:06:57	205	1	1	0
    10147	2023-01-16 07:07:09	205	1	1	0
     9692	2023-01-16 07:10:07	205	1	1	0
     9453	2023-01-16 07:11:59	205	1	1	0
     9453	2023-01-16 07:12:05	205	1	1	0
     2485	2023-01-16 07:14:24	205	1	1	0
     1994	2023-01-16 07:14:43	205	1	1	0
     4310	2023-01-16 07:18:39	205	1	1	0
     9904	2023-01-16 07:20:40	205	1	1	0
     2750	2023-01-16 07:20:43	205	1	1	0
     2750	2023-01-16 07:20:44	205	1	1	0
     9556	2023-01-16 07:20:50	205	1	1	0
      320	2023-01-16 07:21:26	205	1	1	0
     4506	2023-01-16 07:21:37	205	1	1	0
     4506	2023-01-16 07:21:38	205	1	1	0
     4506	2023-01-16 07:21:40	205	1	1	0
     4506	2023-01-16 07:21:42	205	1	1	0
     3619	2023-01-16 07:22:40	205	1	1	0
     3619	2023-01-16 07:22:49	205	1	1	0
     1445	2023-01-16 07:23:16	205	1	1	0
     4719	2023-01-16 07:23:52	205	1	1	0
     1298	2023-01-16 07:23:57	205	1	1	0
     1298	2023-01-16 07:24:05	205	1	1	0
     8290	2023-01-16 07:26:15	205	1	1	0
     2669	2023-01-16 07:29:27	205	1	1	0
     4098	2023-01-16 07:32:11	205	1	1	0
     8347	2023-01-16 07:45:45	205	1	1	0
     4219	2023-01-16 07:48:02	205	1	1	0
     9911	2023-01-16 07:54:29	205	1	1	0
     5958	2023-01-16 08:09:26	205	1	1	0
     8790	2023-01-16 08:10:18	205	1	1	0
     8790	2023-01-16 08:10:20	205	1	1	0
     8790	2023-01-16 08:10:22	205	1	1	0
    10291	2023-01-16 08:26:37	205	1	1	0
    10291	2023-01-16 08:26:40	205	1	1	0
    10285	2023-01-16 08:26:43	205	1	1	0
    10285	2023-01-16 08:26:46	205	1	1	0
     2674	2023-01-16 08:44:50	205	1	1	0
     4902	2023-01-16 08:54:04	205	1	1	0
